-4.4117 -4.4117 -4.4117 -4.0814 15.0175 -4.0814
-4.4117 -4.4117 -4.4117 -4.0814 15.0175 -4.0814
-4.4117 -4.4117 -4.4117 -4.0814 15.0175 -4.0814
-4.4117 -4.4117 -4.4117 -4.0814 15.0175 -4.0814
-4.4117 -4.4117 -4.4117 -4.0814 15.0175 -4.0814
-4.4117 -4.4117 -4.4117 -4.0814 15.0175 -4.0814
-4.4117 -4.4117 -4.4117 -4.0814 15.0175 -4.0814
-4.4117 -4.4117 -4.4117 -4.0814 15.0175 -4.0814
-4.4117 -4.4117 -4.4117 -4.0814 15.0175 -4.0814
-4.4117 -4.4117 -4.4117 -4.0814 15.0175 -4.0814
-4.4117 -4.4117 -4.4117 -4.0814 15.0175 -4.0814
-4.4117 -4.4117 -4.4117 -4.0814 15.0175 -4.0814
-4.4117 -4.4117 -4.4117 -4.0814 15.0175 -4.0814
-4.4117 -4.4117 -4.4117 -4.0814 15.0175 -4.0814
-4.4117 -4.4117 -4.4117 -4.0814 15.0175 -4.0814
-4.4117 -4.4117 -4.4117 -4.0814 15.0175 -4.0814
-4.4117 -4.4117 -4.4117 -4.0814 15.0175 -4.0814
-4.4117 -4.4117 -4.4117 -4.0814 15.0175 -4.0814
-4.4117 -4.4117 -4.4117 -4.0814 15.0175 -4.0814
-4.4117 -4.4117 -4.4117 -4.0814 15.0175 -4.0814
-4.4117 -4.4117 -4.4117 -4.0814 15.0175 -4.0814
-4.4117 -4.4117 -4.4117 -4.0814 15.0175 -4.0814
-4.4117 -4.4117 -4.4117 -4.0814 15.0175 -4.0814
-4.4117 -4.4117 -4.4117 -4.0814 15.0175 -4.0814
-4.4117 -4.4117 -4.4117 -4.0814 15.0175 -4.0814
-4.4117 -4.4117 -4.4117 -4.0814 15.0175 -4.0814
-4.4117 -4.4117 -4.4117 -4.0814 15.0175 -4.0814
-4.4117 -4.4117 -4.4117 -4.0814 15.0175 -4.0814
-4.4117 -4.4117 -4.4117 -4.0814 15.0175 -4.0814
-4.4117 -4.4117 -4.4117 -4.0814 15.0175 -4.0814
-4.4117 -4.4117 -4.4117 -4.0814 15.0175 -4.0814
-4.4117 -4.4117 -4.4117 -4.0814 15.0175 -4.0814
-4.35395 -4.35395 -4.35395 -3.97997 15.0314 -3.97997
-4.35395 -4.35395 -4.35395 -3.97997 15.0314 -3.97997
-4.35395 -4.35395 -4.35395 -3.97997 15.0314 -3.97997
-4.35395 -4.35395 -4.35395 -3.97997 15.0314 -3.97997
-4.35395 -4.35395 -4.35395 -3.97997 15.0314 -3.97997
-4.35395 -4.35395 -4.35395 -3.97997 15.0314 -3.97997
-4.35395 -4.35395 -4.35395 -3.97997 15.0314 -3.97997
-4.35395 -4.35395 -4.35395 -3.97997 15.0314 -3.97997
-4.35395 -4.35395 -4.35395 -3.97997 15.0314 -3.97997
-4.35395 -4.35395 -4.35395 -3.97997 15.0314 -3.97997
-4.35395 -4.35395 -4.35395 -3.97997 15.0314 -3.97997
-4.35395 -4.35395 -4.35395 -3.97997 15.0314 -3.97997
-4.35395 -4.35395 -4.35395 -3.97997 15.0314 -3.97997
-4.35395 -4.35395 -4.35395 -3.97997 15.0314 -3.97997
-4.35395 -4.35395 -4.35395 -3.97997 15.0314 -3.97997
-4.35395 -4.35395 -4.35395 -3.97997 15.0314 -3.97997
-4.35395 -4.35395 -4.35395 -3.97997 15.0314 -3.97997
-4.35395 -4.35395 -4.35395 -3.97997 15.0314 -3.97997
-4.35395 -4.35395 -4.35395 -3.97997 15.0314 -3.97997
-4.35395 -4.35395 -4.35395 -3.97997 15.0314 -3.97997
-4.35395 -4.35395 -4.35395 -3.97997 15.0314 -3.97997
-4.35395 -4.35395 -4.35395 -3.97997 15.0314 -3.97997
-4.35395 -4.35395 -4.35395 -3.97997 15.0314 -3.97997
-4.35395 -4.35395 -4.35395 -3.97997 15.0314 -3.97997
-4.35395 -4.35395 -4.35395 -3.97997 15.0314 -3.97997
-4.35395 -4.35395 -4.35395 -3.97997 15.0314 -3.97997
-4.35395 -4.35395 -4.35395 -3.97997 15.0314 -3.97997
-4.35395 -4.35395 -4.35395 -3.97997 15.0314 -3.97997
-4.35395 -4.35395 -4.35395 -3.97997 15.0314 -3.97997
-4.35395 -4.35395 -4.35395 -3.97997 15.0314 -3.97997
-4.35395 -4.35395 -4.35395 -3.97997 15.0314 -3.97997
-4.35395 -4.35395 -4.35395 -3.97997 15.0314 -3.97997
-4.22167 -4.22167 -4.22167 -3.70456 15.0199 -3.70456
-4.22167 -4.22167 -4.22167 -3.70456 15.0199 -3.70456
-4.22167 -4.22167 -4.22167 -3.70456 15.0199 -3.70456
-4.22167 -4.22167 -4.22167 -3.70456 15.0199 -3.70456
-4.22167 -4.22167 -4.22167 -3.70456 15.0199 -3.70456
-4.22167 -4.22167 -4.22167 -3.70456 15.0199 -3.70456
-4.22167 -4.22167 -4.22167 -3.70456 15.0199 -3.70456
-4.22167 -4.22167 -4.22167 -3.70456 15.0199 -3.70456
-4.22167 -4.22167 -4.22167 -3.70456 15.0199 -3.70456
-4.22167 -4.22167 -4.22167 -3.70456 15.0199 -3.70456
-4.22167 -4.22167 -4.22167 -3.70456 15.0199 -3.70456
-4.22167 -4.22167 -4.22167 -3.70456 15.0199 -3.70456
-4.22167 -4.22167 -4.22167 -3.70456 15.0199 -3.70456
-4.22167 -4.22167 -4.22167 -3.70456 15.0199 -3.70456
-4.22167 -4.22167 -4.22167 -3.70456 15.0199 -3.70456
-4.22167 -4.22167 -4.22167 -3.70456 15.0199 -3.70456
-4.22167 -4.22167 -4.22167 -3.70456 15.0199 -3.70456
-4.22167 -4.22167 -4.22167 -3.70456 15.0199 -3.70456
-4.22167 -4.22167 -4.22167 -3.70456 15.0199 -3.70456
-4.22167 -4.22167 -4.22167 -3.70456 15.0199 -3.70456
-4.22167 -4.22167 -4.22167 -3.70456 15.0199 -3.70456
-4.22167 -4.22167 -4.22167 -3.70456 15.0199 -3.70456
-4.22167 -4.22167 -4.22167 -3.70456 15.0199 -3.70456
-4.22167 -4.22167 -4.22167 -3.70456 15.0199 -3.70456
-4.22167 -4.22167 -4.22167 -3.70456 15.0199 -3.70456
-4.22167 -4.22167 -4.22167 -3.70456 15.0199 -3.70456
-4.22167 -4.22167 -4.22167 -3.70456 15.0199 -3.70456
-4.22167 -4.22167 -4.22167 -3.70456 15.0199 -3.70456
-4.22167 -4.22167 -4.22167 -3.70456 15.0199 -3.70456
-4.22167 -4.22167 -4.22167 -3.70456 15.0199 -3.70456
-4.22167 -4.22167 -4.22167 -3.70456 15.0199 -3.70456
-4.22167 -4.22167 -4.22167 -3.70456 15.0199 -3.70456
-4.14451 -4.14451 -4.14451 -3.34179 14.8098 -3.34179
-4.14451 -4.14451 -4.14451 -3.34179 14.8098 -3.34179
-4.14451 -4.14451 -4.14451 -3.34179 14.8098 -3.34179
-4.14451 -4.14451 -4.14451 -3.34179 14.8098 -3.34179
-4.14451 -4.14451 -4.14451 -3.34179 14.8098 -3.34179
-4.14451 -4.14451 -4.14451 -3.34179 14.8098 -3.34179
-4.14451 -4.14451 -4.14451 -3.34179 14.8098 -3.34179
-4.14451 -4.14451 -4.14451 -3.34179 14.8098 -3.34179
-4.14451 -4.14451 -4.14451 -3.34179 14.8098 -3.34179
-4.14451 -4.14451 -4.14451 -3.34179 14.8098 -3.34179
-4.14451 -4.14451 -4.14451 -3.34179 14.8098 -3.34179
-4.14451 -4.14451 -4.14451 -3.34179 14.8098 -3.34179
-4.14451 -4.14451 -4.14451 -3.34179 14.8098 -3.34179
-4.14451 -4.14451 -4.14451 -3.34179 14.8098 -3.34179
-4.14451 -4.14451 -4.14451 -3.34179 14.8098 -3.34179
-4.14451 -4.14451 -4.14451 -3.34179 14.8098 -3.34179
-4.14451 -4.14451 -4.14451 -3.34179 14.8098 -3.34179
-4.14451 -4.14451 -4.14451 -3.34179 14.8098 -3.34179
-4.14451 -4.14451 -4.14451 -3.34179 14.8098 -3.34179
-4.14451 -4.14451 -4.14451 -3.34179 14.8098 -3.34179
-4.14451 -4.14451 -4.14451 -3.34179 14.8098 -3.34179
-4.14451 -4.14451 -4.14451 -3.34179 14.8098 -3.34179
-4.14451 -4.14451 -4.14451 -3.34179 14.8098 -3.34179
-4.14451 -4.14451 -4.14451 -3.34179 14.8098 -3.34179
-4.14451 -4.14451 -4.14451 -3.34179 14.8098 -3.34179
-4.14451 -4.14451 -4.14451 -3.34179 14.8098 -3.34179
-4.14451 -4.14451 -4.14451 -3.34179 14.8098 -3.34179
-4.14451 -4.14451 -4.14451 -3.34179 14.8098 -3.34179
-4.14451 -4.14451 -4.14451 -3.34179 14.8098 -3.34179
-4.14451 -4.14451 -4.14451 -3.34179 14.8098 -3.34179
-4.14451 -4.14451 -4.14451 -3.34179 14.8098 -3.34179
-4.14451 -4.14451 -4.14451 -3.34179 14.8098 -3.34179
-4.36806 -4.36806 -4.36806 -3.0387 14.0564 -3.0387
-4.36806 -4.36806 -4.36806 -3.0387 14.0564 -3.0387
-4.36806 -4.36806 -4.36806 -3.0387 14.0564 -3.0387
-4.36806 -4.36806 -4.36806 -3.0387 14.0564 -3.0387
-4.36806 -4.36806 -4.36806 -3.0387 14.0564 -3.0387
-4.36806 -4.36806 -4.36806 -3.0387 14.0564 -3.0387
-4.36806 -4.36806 -4.36806 -3.0387 14.0564 -3.0387
-4.36806 -4.36806 -4.36806 -3.0387 14.0564 -3.0387
-4.36806 -4.36806 -4.36806 -3.0387 14.0564 -3.0387
-4.36806 -4.36806 -4.36806 -3.0387 14.0564 -3.0387
-4.36806 -4.36806 -4.36806 -3.0387 14.0564 -3.0387
-4.36806 -4.36806 -4.36806 -3.0387 14.0564 -3.0387
-4.36806 -4.36806 -4.36806 -3.0387 14.0564 -3.0387
-4.36806 -4.36806 -4.36806 -3.0387 14.0564 -3.0387
-4.36806 -4.36806 -4.36806 -3.0387 14.0564 -3.0387
-4.36806 -4.36806 -4.36806 -3.0387 14.0564 -3.0387
-4.36806 -4.36806 -4.36806 -3.0387 14.0564 -3.0387
-4.36806 -4.36806 -4.36806 -3.0387 14.0564 -3.0387
-4.36806 -4.36806 -4.36806 -3.0387 14.0564 -3.0387
-4.36806 -4.36806 -4.36806 -3.0387 14.0564 -3.0387
-4.36806 -4.36806 -4.36806 -3.0387 14.0564 -3.0387
-4.36806 -4.36806 -4.36806 -3.0387 14.0564 -3.0387
-4.36806 -4.36806 -4.36806 -3.0387 14.0564 -3.0387
-4.36806 -4.36806 -4.36806 -3.0387 14.0564 -3.0387
-4.36806 -4.36806 -4.36806 -3.0387 14.0564 -3.0387
-4.36806 -4.36806 -4.36806 -3.0387 14.0564 -3.0387
-4.36806 -4.36806 -4.36806 -3.0387 14.0564 -3.0387
-4.36806 -4.36806 -4.36806 -3.0387 14.0564 -3.0387
-4.36806 -4.36806 -4.36806 -3.0387 14.0564 -3.0387
-4.36806 -4.36806 -4.36806 -3.0387 14.0564 -3.0387
-4.36806 -4.36806 -4.36806 -3.0387 14.0564 -3.0387
-4.36806 -4.36806 -4.36806 -3.0387 14.0564 -3.0387
-5.28404 -5.28404 -5.28404 -2.98421 12.1644 -2.98421
-5.28404 -5.28404 -5.28404 -2.98421 12.1644 -2.98421
-5.28404 -5.28404 -5.28404 -2.98421 12.1644 -2.98421
-5.28404 -5.28404 -5.28404 -2.98421 12.1644 -2.98421
-5.28404 -5.28404 -5.28404 -2.98421 12.1644 -2.98421
-5.28404 -5.28404 -5.28404 -2.98421 12.1644 -2.98421
-5.28404 -5.28404 -5.28404 -2.98421 12.1644 -2.98421
-5.28404 -5.28404 -5.28404 -2.98421 12.1644 -2.98421
-5.28404 -5.28404 -5.28404 -2.98421 12.1644 -2.98421
-5.28404 -5.28404 -5.28404 -2.98421 12.1644 -2.98421
-5.28404 -5.28404 -5.28404 -2.98421 12.1644 -2.98421
-5.28404 -5.28404 -5.28404 -2.98421 12.1644 -2.98421
-5.28404 -5.28404 -5.28404 -2.98421 12.1644 -2.98421
-5.28404 -5.28404 -5.28404 -2.98421 12.1644 -2.98421
-5.28404 -5.28404 -5.28404 -2.98421 12.1644 -2.98421
-5.28404 -5.28404 -5.28404 -2.98421 12.1644 -2.98421
-5.28404 -5.28404 -5.28404 -2.98421 12.1644 -2.98421
-5.28404 -5.28404 -5.28404 -2.98421 12.1644 -2.98421
-5.28404 -5.28404 -5.28404 -2.98421 12.1644 -2.98421
-5.28404 -5.28404 -5.28404 -2.98421 12.1644 -2.98421
-5.28404 -5.28404 -5.28404 -2.98421 12.1644 -2.98421
-5.28404 -5.28404 -5.28404 -2.98421 12.1644 -2.98421
-5.28404 -5.28404 -5.28404 -2.98421 12.1644 -2.98421
-5.28404 -5.28404 -5.28404 -2.98421 12.1644 -2.98421
-5.28404 -5.28404 -5.28404 -2.98421 12.1644 -2.98421
-5.28404 -5.28404 -5.28404 -2.98421 12.1644 -2.98421
-5.28404 -5.28404 -5.28404 -2.98421 12.1644 -2.98421
-5.28404 -5.28404 -5.28404 -2.98421 12.1644 -2.98421
-5.28404 -5.28404 -5.28404 -2.98421 12.1644 -2.98421
-5.28404 -5.28404 -5.28404 -2.98421 12.1644 -2.98421
-5.28404 -5.28404 -5.28404 -2.98421 12.1644 -2.98421
-5.28404 -5.28404 -5.28404 -2.98421 12.1644 -2.98421
-7.25439 -7.25439 -7.25439 -3.18648 8.41819 -3.18648
-7.25439 -7.25439 -7.25439 -3.18648 8.41819 -3.18648
-7.25439 -7.25439 -7.25439 -3.18648 8.41819 -3.18648
-7.25439 -7.25439 -7.25439 -3.18648 8.41819 -3.18648
-7.25439 -7.25439 -7.25439 -3.18648 8.41819 -3.18648
-7.25439 -7.25439 -7.25439 -3.18648 8.41819 -3.18648
-7.25439 -7.25439 -7.25439 -3.18648 8.41819 -3.18648
-7.25439 -7.25439 -7.25439 -3.18648 8.41819 -3.18648
-7.25439 -7.25439 -7.25439 -3.18648 8.41819 -3.18648
-7.25439 -7.25439 -7.25439 -3.18648 8.41819 -3.18648
-7.25439 -7.25439 -7.25439 -3.18648 8.41819 -3.18648
-7.25439 -7.25439 -7.25439 -3.18648 8.41819 -3.18648
-7.25439 -7.25439 -7.25439 -3.18648 8.41819 -3.18648
-7.25439 -7.25439 -7.25439 -3.18648 8.41819 -3.18648
-7.25439 -7.25439 -7.25439 -3.18648 8.41819 -3.18648
-7.25439 -7.25439 -7.25439 -3.18648 8.41819 -3.18648
-7.25439 -7.25439 -7.25439 -3.18648 8.41819 -3.18648
-7.25439 -7.25439 -7.25439 -3.18648 8.41819 -3.18648
-7.25439 -7.25439 -7.25439 -3.18648 8.41819 -3.18648
-7.25439 -7.25439 -7.25439 -3.18648 8.41819 -3.18648
-7.25439 -7.25439 -7.25439 -3.18648 8.41819 -3.18648
-7.25439 -7.25439 -7.25439 -3.18648 8.41819 -3.18648
-7.25439 -7.25439 -7.25439 -3.18648 8.41819 -3.18648
-7.25439 -7.25439 -7.25439 -3.18648 8.41819 -3.18648
-7.25439 -7.25439 -7.25439 -3.18648 8.41819 -3.18648
-7.25439 -7.25439 -7.25439 -3.18648 8.41819 -3.18648
-7.25439 -7.25439 -7.25439 -3.18648 8.41819 -3.18648
-7.25439 -7.25439 -7.25439 -3.18648 8.41819 -3.18648
-7.25439 -7.25439 -7.25439 -3.18648 8.41819 -3.18648
-7.25439 -7.25439 -7.25439 -3.18648 8.41819 -3.18648
-7.25439 -7.25439 -7.25439 -3.18648 8.41819 -3.18648
-7.25439 -7.25439 -7.25439 -3.18648 8.41819 -3.18648
-9.71875 -9.71875 -9.71875 -2.72526 3.02116 -2.72526
-9.71875 -9.71875 -9.71875 -2.72526 3.02116 -2.72526
-9.71875 -9.71875 -9.71875 -2.72526 3.02116 -2.72526
-9.71875 -9.71875 -9.71875 -2.72526 3.02116 -2.72526
-9.71875 -9.71875 -9.71875 -2.72526 3.02116 -2.72526
-9.71875 -9.71875 -9.71875 -2.72526 3.02116 -2.72526
-9.71875 -9.71875 -9.71875 -2.72526 3.02116 -2.72526
-9.71875 -9.71875 -9.71875 -2.72526 3.02116 -2.72526
-9.71875 -9.71875 -9.71875 -2.72526 3.02116 -2.72526
-9.71875 -9.71875 -9.71875 -2.72526 3.02116 -2.72526
-9.71875 -9.71875 -9.71875 -2.72526 3.02116 -2.72526
-9.71875 -9.71875 -9.71875 -2.72526 3.02116 -2.72526
-9.71875 -9.71875 -9.71875 -2.72526 3.02116 -2.72526
-9.71875 -9.71875 -9.71875 -2.72526 3.02116 -2.72526
-9.71875 -9.71875 -9.71875 -2.72526 3.02116 -2.72526
-9.71875 -9.71875 -9.71875 -2.72526 3.02116 -2.72526
-9.71875 -9.71875 -9.71875 -2.72526 3.02116 -2.72526
-9.71875 -9.71875 -9.71875 -2.72526 3.02116 -2.72526
-9.71875 -9.71875 -9.71875 -2.72526 3.02116 -2.72526
-9.71875 -9.71875 -9.71875 -2.72526 3.02116 -2.72526
-9.71875 -9.71875 -9.71875 -2.72526 3.02116 -2.72526
-9.71875 -9.71875 -9.71875 -2.72526 3.02116 -2.72526
-9.71875 -9.71875 -9.71875 -2.72526 3.02116 -2.72526
-9.71875 -9.71875 -9.71875 -2.72526 3.02116 -2.72526
-9.71875 -9.71875 -9.71875 -2.72526 3.02116 -2.72526
-9.71875 -9.71875 -9.71875 -2.72526 3.02116 -2.72526
-9.71875 -9.71875 -9.71875 -2.72526 3.02116 -2.72526
-9.71875 -9.71875 -9.71875 -2.72526 3.02116 -2.72526
-9.71875 -9.71875 -9.71875 -2.72526 3.02116 -2.72526
-9.71875 -9.71875 -9.71875 -2.72526 3.02116 -2.72526
-9.71875 -9.71875 -9.71875 -2.72526 3.02116 -2.72526
-9.71875 -9.71875 -9.71875 -2.72526 3.02116 -2.72526
-10.5031 -10.5031 -10.5031 0.303732 -1.57788 0.303732
-10.5031 -10.5031 -10.5031 0.303732 -1.57788 0.303732
-10.5031 -10.5031 -10.5031 0.303732 -1.57788 0.303732
-10.5031 -10.5031 -10.5031 0.303732 -1.57788 0.303732
-10.5031 -10.5031 -10.5031 0.303732 -1.57788 0.303732
-10.5031 -10.5031 -10.5031 0.303732 -1.57788 0.303732
-10.5031 -10.5031 -10.5031 0.303732 -1.57788 0.303732
-10.5031 -10.5031 -10.5031 0.303732 -1.57788 0.303732
-10.5031 -10.5031 -10.5031 0.303732 -1.57788 0.303732
-10.5031 -10.5031 -10.5031 0.303732 -1.57788 0.303732
-10.5031 -10.5031 -10.5031 0.303732 -1.57788 0.303732
-10.5031 -10.5031 -10.5031 0.303732 -1.57788 0.303732
-10.5031 -10.5031 -10.5031 0.303732 -1.57788 0.303732
-10.5031 -10.5031 -10.5031 0.303732 -1.57788 0.303732
-10.5031 -10.5031 -10.5031 0.303732 -1.57788 0.303732
-10.5031 -10.5031 -10.5031 0.303732 -1.57788 0.303732
-10.5031 -10.5031 -10.5031 0.303732 -1.57788 0.303732
-10.5031 -10.5031 -10.5031 0.303732 -1.57788 0.303732
-10.5031 -10.5031 -10.5031 0.303732 -1.57788 0.303732
-10.5031 -10.5031 -10.5031 0.303732 -1.57788 0.303732
-10.5031 -10.5031 -10.5031 0.303732 -1.57788 0.303732
-10.5031 -10.5031 -10.5031 0.303732 -1.57788 0.303732
-10.5031 -10.5031 -10.5031 0.303732 -1.57788 0.303732
-10.5031 -10.5031 -10.5031 0.303732 -1.57788 0.303732
-10.5031 -10.5031 -10.5031 0.303732 -1.57788 0.303732
-10.5031 -10.5031 -10.5031 0.303732 -1.57788 0.303732
-10.5031 -10.5031 -10.5031 0.303732 -1.57788 0.303732
-10.5031 -10.5031 -10.5031 0.303732 -1.57788 0.303732
-10.5031 -10.5031 -10.5031 0.303732 -1.57788 0.303732
-10.5031 -10.5031 -10.5031 0.303732 -1.57788 0.303732
-10.5031 -10.5031 -10.5031 0.303732 -1.57788 0.303732
-10.5031 -10.5031 -10.5031 0.303732 -1.57788 0.303732
-8.6762 -8.6762 -8.6762 5.6363 -3.25131 5.6363
-8.6762 -8.6762 -8.6762 5.6363 -3.25131 5.6363
-8.6762 -8.6762 -8.6762 5.6363 -3.25131 5.6363
-8.6762 -8.6762 -8.6762 5.6363 -3.25131 5.6363
-8.6762 -8.6762 -8.6762 5.6363 -3.25131 5.6363
-8.6762 -8.6762 -8.6762 5.6363 -3.25131 5.6363
-8.6762 -8.6762 -8.6762 5.6363 -3.25131 5.6363
-8.6762 -8.6762 -8.6762 5.6363 -3.25131 5.6363
-8.6762 -8.6762 -8.6762 5.6363 -3.25131 5.6363
-8.6762 -8.6762 -8.6762 5.6363 -3.25131 5.6363
-8.6762 -8.6762 -8.6762 5.6363 -3.25131 5.6363
-8.6762 -8.6762 -8.6762 5.6363 -3.25131 5.6363
-8.6762 -8.6762 -8.6762 5.6363 -3.25131 5.6363
-8.6762 -8.6762 -8.6762 5.6363 -3.25131 5.6363
-8.6762 -8.6762 -8.6762 5.6363 -3.25131 5.6363
-8.6762 -8.6762 -8.6762 5.6363 -3.25131 5.6363
-8.6762 -8.6762 -8.6762 5.6363 -3.25131 5.6363
-8.6762 -8.6762 -8.6762 5.6363 -3.25131 5.6363
-8.6762 -8.6762 -8.6762 5.6363 -3.25131 5.6363
-8.6762 -8.6762 -8.6762 5.6363 -3.25131 5.6363
-8.6762 -8.6762 -8.6762 5.6363 -3.25131 5.6363
-8.6762 -8.6762 -8.6762 5.6363 -3.25131 5.6363
-8.6762 -8.6762 -8.6762 5.6363 -3.25131 5.6363
-8.6762 -8.6762 -8.6762 5.6363 -3.25131 5.6363
-8.6762 -8.6762 -8.6762 5.6363 -3.25131 5.6363
-8.6762 -8.6762 -8.6762 5.6363 -3.25131 5.6363
-8.6762 -8.6762 -8.6762 5.6363 -3.25131 5.6363
-8.6762 -8.6762 -8.6762 5.6363 -3.25131 5.6363
-8.6762 -8.6762 -8.6762 5.6363 -3.25131 5.6363
-8.6762 -8.6762 -8.6762 5.6363 -3.25131 5.6363
-8.6762 -8.6762 -8.6762 5.6363 -3.25131 5.6363
-8.6762 -8.6762 -8.6762 5.6363 -3.25131 5.6363
-6.28286 -6.28286 -6.28286 10.3882 -3.20916 10.3882
-6.28286 -6.28286 -6.28286 10.3882 -3.20916 10.3882
-6.28286 -6.28286 -6.28286 10.3882 -3.20916 10.3882
-6.28286 -6.28286 -6.28286 10.3882 -3.20916 10.3882
-6.28286 -6.28286 -6.28286 10.3882 -3.20916 10.3882
-6.28286 -6.28286 -6.28286 10.3882 -3.20916 10.3882
-6.28286 -6.28286 -6.28286 10.3882 -3.20916 10.3882
-6.28286 -6.28286 -6.28286 10.3882 -3.20916 10.3882
-6.28286 -6.28286 -6.28286 10.3882 -3.20916 10.3882
-6.28286 -6.28286 -6.28286 10.3882 -3.20916 10.3882
-6.28286 -6.28286 -6.28286 10.3882 -3.20916 10.3882
-6.28286 -6.28286 -6.28286 10.3882 -3.20916 10.3882
-6.28286 -6.28286 -6.28286 10.3882 -3.20916 10.3882
-6.28286 -6.28286 -6.28286 10.3882 -3.20916 10.3882
-6.28286 -6.28286 -6.28286 10.3882 -3.20916 10.3882
-6.28286 -6.28286 -6.28286 10.3882 -3.20916 10.3882
-6.28286 -6.28286 -6.28286 10.3882 -3.20916 10.3882
-6.28286 -6.28286 -6.28286 10.3882 -3.20916 10.3882
-6.28286 -6.28286 -6.28286 10.3882 -3.20916 10.3882
-6.28286 -6.28286 -6.28286 10.3882 -3.20916 10.3882
-6.28286 -6.28286 -6.28286 10.3882 -3.20916 10.3882
-6.28286 -6.28286 -6.28286 10.3882 -3.20916 10.3882
-6.28286 -6.28286 -6.28286 10.3882 -3.20916 10.3882
-6.28286 -6.28286 -6.28286 10.3882 -3.20916 10.3882
-6.28286 -6.28286 -6.28286 10.3882 -3.20916 10.3882
-6.28286 -6.28286 -6.28286 10.3882 -3.20916 10.3882
-6.28286 -6.28286 -6.28286 10.3882 -3.20916 10.3882
-6.28286 -6.28286 -6.28286 10.3882 -3.20916 10.3882
-6.28286 -6.28286 -6.28286 10.3882 -3.20916 10.3882
-6.28286 -6.28286 -6.28286 10.3882 -3.20916 10.3882
-6.28286 -6.28286 -6.28286 10.3882 -3.20916 10.3882
-6.28286 -6.28286 -6.28286 10.3882 -3.20916 10.3882
-4.8375 -4.8375 -4.8375 13.1713 -3.09544 13.1713
-4.8375 -4.8375 -4.8375 13.1713 -3.09544 13.1713
-4.8375 -4.8375 -4.8375 13.1713 -3.09544 13.1713
-4.8375 -4.8375 -4.8375 13.1713 -3.09544 13.1713
-4.8375 -4.8375 -4.8375 13.1713 -3.09544 13.1713
-4.8375 -4.8375 -4.8375 13.1713 -3.09544 13.1713
-4.8375 -4.8375 -4.8375 13.1713 -3.09544 13.1713
-4.8375 -4.8375 -4.8375 13.1713 -3.09544 13.1713
-4.8375 -4.8375 -4.8375 13.1713 -3.09544 13.1713
-4.8375 -4.8375 -4.8375 13.1713 -3.09544 13.1713
-4.8375 -4.8375 -4.8375 13.1713 -3.09544 13.1713
-4.8375 -4.8375 -4.8375 13.1713 -3.09544 13.1713
-4.8375 -4.8375 -4.8375 13.1713 -3.09544 13.1713
-4.8375 -4.8375 -4.8375 13.1713 -3.09544 13.1713
-4.8375 -4.8375 -4.8375 13.1713 -3.09544 13.1713
-4.8375 -4.8375 -4.8375 13.1713 -3.09544 13.1713
-4.8375 -4.8375 -4.8375 13.1713 -3.09544 13.1713
-4.8375 -4.8375 -4.8375 13.1713 -3.09544 13.1713
-4.8375 -4.8375 -4.8375 13.1713 -3.09544 13.1713
-4.8375 -4.8375 -4.8375 13.1713 -3.09544 13.1713
-4.8375 -4.8375 -4.8375 13.1713 -3.09544 13.1713
-4.8375 -4.8375 -4.8375 13.1713 -3.09544 13.1713
-4.8375 -4.8375 -4.8375 13.1713 -3.09544 13.1713
-4.8375 -4.8375 -4.8375 13.1713 -3.09544 13.1713
-4.8375 -4.8375 -4.8375 13.1713 -3.09544 13.1713
-4.8375 -4.8375 -4.8375 13.1713 -3.09544 13.1713
-4.8375 -4.8375 -4.8375 13.1713 -3.09544 13.1713
-4.8375 -4.8375 -4.8375 13.1713 -3.09544 13.1713
-4.8375 -4.8375 -4.8375 13.1713 -3.09544 13.1713
-4.8375 -4.8375 -4.8375 13.1713 -3.09544 13.1713
-4.8375 -4.8375 -4.8375 13.1713 -3.09544 13.1713
-4.8375 -4.8375 -4.8375 13.1713 -3.09544 13.1713
-4.31051 -4.31051 -4.31051 14.4204 -3.28655 14.4204
-4.31051 -4.31051 -4.31051 14.4204 -3.28655 14.4204
-4.31051 -4.31051 -4.31051 14.4204 -3.28655 14.4204
-4.31051 -4.31051 -4.31051 14.4204 -3.28655 14.4204
-4.31051 -4.31051 -4.31051 14.4204 -3.28655 14.4204
-4.31051 -4.31051 -4.31051 14.4204 -3.28655 14.4204
-4.31051 -4.31051 -4.31051 14.4204 -3.28655 14.4204
-4.31051 -4.31051 -4.31051 14.4204 -3.28655 14.4204
-4.31051 -4.31051 -4.31051 14.4204 -3.28655 14.4204
-4.31051 -4.31051 -4.31051 14.4204 -3.28655 14.4204
-4.31051 -4.31051 -4.31051 14.4204 -3.28655 14.4204
-4.31051 -4.31051 -4.31051 14.4204 -3.28655 14.4204
-4.31051 -4.31051 -4.31051 14.4204 -3.28655 14.4204
-4.31051 -4.31051 -4.31051 14.4204 -3.28655 14.4204
-4.31051 -4.31051 -4.31051 14.4204 -3.28655 14.4204
-4.31051 -4.31051 -4.31051 14.4204 -3.28655 14.4204
-4.31051 -4.31051 -4.31051 14.4204 -3.28655 14.4204
-4.31051 -4.31051 -4.31051 14.4204 -3.28655 14.4204
-4.31051 -4.31051 -4.31051 14.4204 -3.28655 14.4204
-4.31051 -4.31051 -4.31051 14.4204 -3.28655 14.4204
-4.31051 -4.31051 -4.31051 14.4204 -3.28655 14.4204
-4.31051 -4.31051 -4.31051 14.4204 -3.28655 14.4204
-4.31051 -4.31051 -4.31051 14.4204 -3.28655 14.4204
-4.31051 -4.31051 -4.31051 14.4204 -3.28655 14.4204
-4.31051 -4.31051 -4.31051 14.4204 -3.28655 14.4204
-4.31051 -4.31051 -4.31051 14.4204 -3.28655 14.4204
-4.31051 -4.31051 -4.31051 14.4204 -3.28655 14.4204
-4.31051 -4.31051 -4.31051 14.4204 -3.28655 14.4204
-4.31051 -4.31051 -4.31051 14.4204 -3.28655 14.4204
-4.31051 -4.31051 -4.31051 14.4204 -3.28655 14.4204
-4.31051 -4.31051 -4.31051 14.4204 -3.28655 14.4204
-4.31051 -4.31051 -4.31051 14.4204 -3.28655 14.4204
-4.27236 -4.27236 -4.27236 14.849 -3.63662 14.849
-4.27236 -4.27236 -4.27236 14.849 -3.63662 14.849
-4.27236 -4.27236 -4.27236 14.849 -3.63662 14.849
-4.27236 -4.27236 -4.27236 14.849 -3.63662 14.849
-4.27236 -4.27236 -4.27236 14.849 -3.63662 14.849
-4.27236 -4.27236 -4.27236 14.849 -3.63662 14.849
-4.27236 -4.27236 -4.27236 14.849 -3.63662 14.849
-4.27236 -4.27236 -4.27236 14.849 -3.63662 14.849
-4.27236 -4.27236 -4.27236 14.849 -3.63662 14.849
-4.27236 -4.27236 -4.27236 14.849 -3.63662 14.849
-4.27236 -4.27236 -4.27236 14.849 -3.63662 14.849
-4.27236 -4.27236 -4.27236 14.849 -3.63662 14.849
-4.27236 -4.27236 -4.27236 14.849 -3.63662 14.849
-4.27236 -4.27236 -4.27236 14.849 -3.63662 14.849
-4.27236 -4.27236 -4.27236 14.849 -3.63662 14.849
-4.27236 -4.27236 -4.27236 14.849 -3.63662 14.849
-4.27236 -4.27236 -4.27236 14.849 -3.63662 14.849
-4.27236 -4.27236 -4.27236 14.849 -3.63662 14.849
-4.27236 -4.27236 -4.27236 14.849 -3.63662 14.849
-4.27236 -4.27236 -4.27236 14.849 -3.63662 14.849
-4.27236 -4.27236 -4.27236 14.849 -3.63662 14.849
-4.27236 -4.27236 -4.27236 14.849 -3.63662 14.849
-4.27236 -4.27236 -4.27236 14.849 -3.63662 14.849
-4.27236 -4.27236 -4.27236 14.849 -3.63662 14.849
-4.27236 -4.27236 -4.27236 14.849 -3.63662 14.849
-4.27236 -4.27236 -4.27236 14.849 -3.63662 14.849
-4.27236 -4.27236 -4.27236 14.849 -3.63662 14.849
-4.27236 -4.27236 -4.27236 14.849 -3.63662 14.849
-4.27236 -4.27236 -4.27236 14.849 -3.63662 14.849
-4.27236 -4.27236 -4.27236 14.849 -3.63662 14.849
-4.27236 -4.27236 -4.27236 14.849 -3.63662 14.849
-4.27236 -4.27236 -4.27236 14.849 -3.63662 14.849
-4.3999 -4.3999 -4.3999 14.9276 -3.96929 14.9276
-4.3999 -4.3999 -4.3999 14.9276 -3.96929 14.9276
-4.3999 -4.3999 -4.3999 14.9276 -3.96929 14.9276
-4.3999 -4.3999 -4.3999 14.9276 -3.96929 14.9276
-4.3999 -4.3999 -4.3999 14.9276 -3.96929 14.9276
-4.3999 -4.3999 -4.3999 14.9276 -3.96929 14.9276
-4.3999 -4.3999 -4.3999 14.9276 -3.96929 14.9276
-4.3999 -4.3999 -4.3999 14.9276 -3.96929 14.9276
-4.3999 -4.3999 -4.3999 14.9276 -3.96929 14.9276
-4.3999 -4.3999 -4.3999 14.9276 -3.96929 14.9276
-4.3999 -4.3999 -4.3999 14.9276 -3.96929 14.9276
-4.3999 -4.3999 -4.3999 14.9276 -3.96929 14.9276
-4.3999 -4.3999 -4.3999 14.9276 -3.96929 14.9276
-4.3999 -4.3999 -4.3999 14.9276 -3.96929 14.9276
-4.3999 -4.3999 -4.3999 14.9276 -3.96929 14.9276
-4.3999 -4.3999 -4.3999 14.9276 -3.96929 14.9276
-4.3999 -4.3999 -4.3999 14.9276 -3.96929 14.9276
-4.3999 -4.3999 -4.3999 14.9276 -3.96929 14.9276
-4.3999 -4.3999 -4.3999 14.9276 -3.96929 14.9276
-4.3999 -4.3999 -4.3999 14.9276 -3.96929 14.9276
-4.3999 -4.3999 -4.3999 14.9276 -3.96929 14.9276
-4.3999 -4.3999 -4.3999 14.9276 -3.96929 14.9276
-4.3999 -4.3999 -4.3999 14.9276 -3.96929 14.9276
-4.3999 -4.3999 -4.3999 14.9276 -3.96929 14.9276
-4.3999 -4.3999 -4.3999 14.9276 -3.96929 14.9276
-4.3999 -4.3999 -4.3999 14.9276 -3.96929 14.9276
-4.3999 -4.3999 -4.3999 14.9276 -3.96929 14.9276
-4.3999 -4.3999 -4.3999 14.9276 -3.96929 14.9276
-4.3999 -4.3999 -4.3999 14.9276 -3.96929 14.9276
-4.3999 -4.3999 -4.3999 14.9276 -3.96929 14.9276
-4.3999 -4.3999 -4.3999 14.9276 -3.96929 14.9276
-4.3999 -4.3999 -4.3999 14.9276 -3.96929 14.9276
-4.50733 -4.50733 -4.50733 14.9104 -4.16653 14.9104
-4.50733 -4.50733 -4.50733 14.9104 -4.16653 14.9104
-4.50733 -4.50733 -4.50733 14.9104 -4.16653 14.9104
-4.50733 -4.50733 -4.50733 14.9104 -4.16653 14.9104
-4.50733 -4.50733 -4.50733 14.9104 -4.16653 14.9104
-4.50733 -4.50733 -4.50733 14.9104 -4.16653 14.9104
-4.50733 -4.50733 -4.50733 14.9104 -4.16653 14.9104
-4.50733 -4.50733 -4.50733 14.9104 -4.16653 14.9104
-4.50733 -4.50733 -4.50733 14.9104 -4.16653 14.9104
-4.50733 -4.50733 -4.50733 14.9104 -4.16653 14.9104
-4.50733 -4.50733 -4.50733 14.9104 -4.16653 14.9104
-4.50733 -4.50733 -4.50733 14.9104 -4.16653 14.9104
-4.50733 -4.50733 -4.50733 14.9104 -4.16653 14.9104
-4.50733 -4.50733 -4.50733 14.9104 -4.16653 14.9104
-4.50733 -4.50733 -4.50733 14.9104 -4.16653 14.9104
-4.50733 -4.50733 -4.50733 14.9104 -4.16653 14.9104
-4.50733 -4.50733 -4.50733 14.9104 -4.16653 14.9104
-4.50733 -4.50733 -4.50733 14.9104 -4.16653 14.9104
-4.50733 -4.50733 -4.50733 14.9104 -4.16653 14.9104
-4.50733 -4.50733 -4.50733 14.9104 -4.16653 14.9104
-4.50733 -4.50733 -4.50733 14.9104 -4.16653 14.9104
-4.50733 -4.50733 -4.50733 14.9104 -4.16653 14.9104
-4.50733 -4.50733 -4.50733 14.9104 -4.16653 14.9104
-4.50733 -4.50733 -4.50733 14.9104 -4.16653 14.9104
-4.50733 -4.50733 -4.50733 14.9104 -4.16653 14.9104
-4.50733 -4.50733 -4.50733 14.9104 -4.16653 14.9104
-4.50733 -4.50733 -4.50733 14.9104 -4.16653 14.9104
-4.50733 -4.50733 -4.50733 14.9104 -4.16653 14.9104
-4.50733 -4.50733 -4.50733 14.9104 -4.16653 14.9104
-4.50733 -4.50733 -4.50733 14.9104 -4.16653 14.9104
-4.50733 -4.50733 -4.50733 14.9104 -4.16653 14.9104
-4.50733 -4.50733 -4.50733 14.9104 -4.16653 14.9104
-4.50947 -4.50947 -4.50947 14.9092 -4.16951 14.9092
-4.50947 -4.50947 -4.50947 14.9092 -4.16951 14.9092
-4.50947 -4.50947 -4.50947 14.9092 -4.16951 14.9092
-4.50947 -4.50947 -4.50947 14.9092 -4.16951 14.9092
-4.50947 -4.50947 -4.50947 14.9092 -4.16951 14.9092
-4.50947 -4.50947 -4.50947 14.9092 -4.16951 14.9092
-4.50947 -4.50947 -4.50947 14.9092 -4.16951 14.9092
-4.50947 -4.50947 -4.50947 14.9092 -4.16951 14.9092
-4.50947 -4.50947 -4.50947 14.9092 -4.16951 14.9092
-4.50947 -4.50947 -4.50947 14.9092 -4.16951 14.9092
-4.50947 -4.50947 -4.50947 14.9092 -4.16951 14.9092
-4.50947 -4.50947 -4.50947 14.9092 -4.16951 14.9092
-4.50947 -4.50947 -4.50947 14.9092 -4.16951 14.9092
-4.50947 -4.50947 -4.50947 14.9092 -4.16951 14.9092
-4.50947 -4.50947 -4.50947 14.9092 -4.16951 14.9092
-4.50947 -4.50947 -4.50947 14.9092 -4.16951 14.9092
-4.50947 -4.50947 -4.50947 14.9092 -4.16951 14.9092
-4.50947 -4.50947 -4.50947 14.9092 -4.16951 14.9092
-4.50947 -4.50947 -4.50947 14.9092 -4.16951 14.9092
-4.50947 -4.50947 -4.50947 14.9092 -4.16951 14.9092
-4.50947 -4.50947 -4.50947 14.9092 -4.16951 14.9092
-4.50947 -4.50947 -4.50947 14.9092 -4.16951 14.9092
-4.50947 -4.50947 -4.50947 14.9092 -4.16951 14.9092
-4.50947 -4.50947 -4.50947 14.9092 -4.16951 14.9092
-4.50947 -4.50947 -4.50947 14.9092 -4.16951 14.9092
-4.50947 -4.50947 -4.50947 14.9092 -4.16951 14.9092
-4.50947 -4.50947 -4.50947 14.9092 -4.16951 14.9092
-4.50947 -4.50947 -4.50947 14.9092 -4.16951 14.9092
-4.50947 -4.50947 -4.50947 14.9092 -4.16951 14.9092
-4.50947 -4.50947 -4.50947 14.9092 -4.16951 14.9092
-4.50947 -4.50947 -4.50947 14.9092 -4.16951 14.9092
-4.50947 -4.50947 -4.50947 14.9092 -4.16951 14.9092
-4.40551 -4.40551 -4.40551 14.9249 -3.9776 14.9249
-4.40551 -4.40551 -4.40551 14.9249 -3.9776 14.9249
-4.40551 -4.40551 -4.40551 14.9249 -3.9776 14.9249
-4.40551 -4.40551 -4.40551 14.9249 -3.9776 14.9249
-4.40551 -4.40551 -4.40551 14.9249 -3.9776 14.9249
-4.40551 -4.40551 -4.40551 14.9249 -3.9776 14.9249
-4.40551 -4.40551 -4.40551 14.9249 -3.9776 14.9249
-4.40551 -4.40551 -4.40551 14.9249 -3.9776 14.9249
-4.40551 -4.40551 -4.40551 14.9249 -3.9776 14.9249
-4.40551 -4.40551 -4.40551 14.9249 -3.9776 14.9249
-4.40551 -4.40551 -4.40551 14.9249 -3.9776 14.9249
-4.40551 -4.40551 -4.40551 14.9249 -3.9776 14.9249
-4.40551 -4.40551 -4.40551 14.9249 -3.9776 14.9249
-4.40551 -4.40551 -4.40551 14.9249 -3.9776 14.9249
-4.40551 -4.40551 -4.40551 14.9249 -3.9776 14.9249
-4.40551 -4.40551 -4.40551 14.9249 -3.9776 14.9249
-4.40551 -4.40551 -4.40551 14.9249 -3.9776 14.9249
-4.40551 -4.40551 -4.40551 14.9249 -3.9776 14.9249
-4.40551 -4.40551 -4.40551 14.9249 -3.9776 14.9249
-4.40551 -4.40551 -4.40551 14.9249 -3.9776 14.9249
-4.40551 -4.40551 -4.40551 14.9249 -3.9776 14.9249
-4.40551 -4.40551 -4.40551 14.9249 -3.9776 14.9249
-4.40551 -4.40551 -4.40551 14.9249 -3.9776 14.9249
-4.40551 -4.40551 -4.40551 14.9249 -3.9776 14.9249
-4.40551 -4.40551 -4.40551 14.9249 -3.9776 14.9249
-4.40551 -4.40551 -4.40551 14.9249 -3.9776 14.9249
-4.40551 -4.40551 -4.40551 14.9249 -3.9776 14.9249
-4.40551 -4.40551 -4.40551 14.9249 -3.9776 14.9249
-4.40551 -4.40551 -4.40551 14.9249 -3.9776 14.9249
-4.40551 -4.40551 -4.40551 14.9249 -3.9776 14.9249
-4.40551 -4.40551 -4.40551 14.9249 -3.9776 14.9249
-4.40551 -4.40551 -4.40551 14.9249 -3.9776 14.9249
-4.27887 -4.27887 -4.27887 14.848 -3.64847 14.848
-4.27887 -4.27887 -4.27887 14.848 -3.64847 14.848
-4.27887 -4.27887 -4.27887 14.848 -3.64847 14.848
-4.27887 -4.27887 -4.27887 14.848 -3.64847 14.848
-4.27887 -4.27887 -4.27887 14.848 -3.64847 14.848
-4.27887 -4.27887 -4.27887 14.848 -3.64847 14.848
-4.27887 -4.27887 -4.27887 14.848 -3.64847 14.848
-4.27887 -4.27887 -4.27887 14.848 -3.64847 14.848
-4.27887 -4.27887 -4.27887 14.848 -3.64847 14.848
-4.27887 -4.27887 -4.27887 14.848 -3.64847 14.848
-4.27887 -4.27887 -4.27887 14.848 -3.64847 14.848
-4.27887 -4.27887 -4.27887 14.848 -3.64847 14.848
-4.27887 -4.27887 -4.27887 14.848 -3.64847 14.848
-4.27887 -4.27887 -4.27887 14.848 -3.64847 14.848
-4.27887 -4.27887 -4.27887 14.848 -3.64847 14.848
-4.27887 -4.27887 -4.27887 14.848 -3.64847 14.848
-4.27887 -4.27887 -4.27887 14.848 -3.64847 14.848
-4.27887 -4.27887 -4.27887 14.848 -3.64847 14.848
-4.27887 -4.27887 -4.27887 14.848 -3.64847 14.848
-4.27887 -4.27887 -4.27887 14.848 -3.64847 14.848
-4.27887 -4.27887 -4.27887 14.848 -3.64847 14.848
-4.27887 -4.27887 -4.27887 14.848 -3.64847 14.848
-4.27887 -4.27887 -4.27887 14.848 -3.64847 14.848
-4.27887 -4.27887 -4.27887 14.848 -3.64847 14.848
-4.27887 -4.27887 -4.27887 14.848 -3.64847 14.848
-4.27887 -4.27887 -4.27887 14.848 -3.64847 14.848
-4.27887 -4.27887 -4.27887 14.848 -3.64847 14.848
-4.27887 -4.27887 -4.27887 14.848 -3.64847 14.848
-4.27887 -4.27887 -4.27887 14.848 -3.64847 14.848
-4.27887 -4.27887 -4.27887 14.848 -3.64847 14.848
-4.27887 -4.27887 -4.27887 14.848 -3.64847 14.848
-4.27887 -4.27887 -4.27887 14.848 -3.64847 14.848
-4.31329 -4.31329 -4.31329 14.4275 -3.2991 14.4275
-4.31329 -4.31329 -4.31329 14.4275 -3.2991 14.4275
-4.31329 -4.31329 -4.31329 14.4275 -3.2991 14.4275
-4.31329 -4.31329 -4.31329 14.4275 -3.2991 14.4275
-4.31329 -4.31329 -4.31329 14.4275 -3.2991 14.4275
-4.31329 -4.31329 -4.31329 14.4275 -3.2991 14.4275
-4.31329 -4.31329 -4.31329 14.4275 -3.2991 14.4275
-4.31329 -4.31329 -4.31329 14.4275 -3.2991 14.4275
-4.31329 -4.31329 -4.31329 14.4275 -3.2991 14.4275
-4.31329 -4.31329 -4.31329 14.4275 -3.2991 14.4275
-4.31329 -4.31329 -4.31329 14.4275 -3.2991 14.4275
-4.31329 -4.31329 -4.31329 14.4275 -3.2991 14.4275
-4.31329 -4.31329 -4.31329 14.4275 -3.2991 14.4275
-4.31329 -4.31329 -4.31329 14.4275 -3.2991 14.4275
-4.31329 -4.31329 -4.31329 14.4275 -3.2991 14.4275
-4.31329 -4.31329 -4.31329 14.4275 -3.2991 14.4275
-4.31329 -4.31329 -4.31329 14.4275 -3.2991 14.4275
-4.31329 -4.31329 -4.31329 14.4275 -3.2991 14.4275
-4.31329 -4.31329 -4.31329 14.4275 -3.2991 14.4275
-4.31329 -4.31329 -4.31329 14.4275 -3.2991 14.4275
-4.31329 -4.31329 -4.31329 14.4275 -3.2991 14.4275
-4.31329 -4.31329 -4.31329 14.4275 -3.2991 14.4275
-4.31329 -4.31329 -4.31329 14.4275 -3.2991 14.4275
-4.31329 -4.31329 -4.31329 14.4275 -3.2991 14.4275
-4.31329 -4.31329 -4.31329 14.4275 -3.2991 14.4275
-4.31329 -4.31329 -4.31329 14.4275 -3.2991 14.4275
-4.31329 -4.31329 -4.31329 14.4275 -3.2991 14.4275
-4.31329 -4.31329 -4.31329 14.4275 -3.2991 14.4275
-4.31329 -4.31329 -4.31329 14.4275 -3.2991 14.4275
-4.31329 -4.31329 -4.31329 14.4275 -3.2991 14.4275
-4.31329 -4.31329 -4.31329 14.4275 -3.2991 14.4275
-4.31329 -4.31329 -4.31329 14.4275 -3.2991 14.4275
-4.82925 -4.82925 -4.82925 13.1973 -3.10515 13.1973
-4.82925 -4.82925 -4.82925 13.1973 -3.10515 13.1973
-4.82925 -4.82925 -4.82925 13.1973 -3.10515 13.1973
-4.82925 -4.82925 -4.82925 13.1973 -3.10515 13.1973
-4.82925 -4.82925 -4.82925 13.1973 -3.10515 13.1973
-4.82925 -4.82925 -4.82925 13.1973 -3.10515 13.1973
-4.82925 -4.82925 -4.82925 13.1973 -3.10515 13.1973
-4.82925 -4.82925 -4.82925 13.1973 -3.10515 13.1973
-4.82925 -4.82925 -4.82925 13.1973 -3.10515 13.1973
-4.82925 -4.82925 -4.82925 13.1973 -3.10515 13.1973
-4.82925 -4.82925 -4.82925 13.1973 -3.10515 13.1973
-4.82925 -4.82925 -4.82925 13.1973 -3.10515 13.1973
-4.82925 -4.82925 -4.82925 13.1973 -3.10515 13.1973
-4.82925 -4.82925 -4.82925 13.1973 -3.10515 13.1973
-4.82925 -4.82925 -4.82925 13.1973 -3.10515 13.1973
-4.82925 -4.82925 -4.82925 13.1973 -3.10515 13.1973
-4.82925 -4.82925 -4.82925 13.1973 -3.10515 13.1973
-4.82925 -4.82925 -4.82925 13.1973 -3.10515 13.1973
-4.82925 -4.82925 -4.82925 13.1973 -3.10515 13.1973
-4.82925 -4.82925 -4.82925 13.1973 -3.10515 13.1973
-4.82925 -4.82925 -4.82925 13.1973 -3.10515 13.1973
-4.82925 -4.82925 -4.82925 13.1973 -3.10515 13.1973
-4.82925 -4.82925 -4.82925 13.1973 -3.10515 13.1973
-4.82925 -4.82925 -4.82925 13.1973 -3.10515 13.1973
-4.82925 -4.82925 -4.82925 13.1973 -3.10515 13.1973
-4.82925 -4.82925 -4.82925 13.1973 -3.10515 13.1973
-4.82925 -4.82925 -4.82925 13.1973 -3.10515 13.1973
-4.82925 -4.82925 -4.82925 13.1973 -3.10515 13.1973
-4.82925 -4.82925 -4.82925 13.1973 -3.10515 13.1973
-4.82925 -4.82925 -4.82925 13.1973 -3.10515 13.1973
-4.82925 -4.82925 -4.82925 13.1973 -3.10515 13.1973
-4.82925 -4.82925 -4.82925 13.1973 -3.10515 13.1973
-6.25589 -6.25589 -6.25589 10.4473 -3.21508 10.4473
-6.25589 -6.25589 -6.25589 10.4473 -3.21508 10.4473
-6.25589 -6.25589 -6.25589 10.4473 -3.21508 10.4473
-6.25589 -6.25589 -6.25589 10.4473 -3.21508 10.4473
-6.25589 -6.25589 -6.25589 10.4473 -3.21508 10.4473
-6.25589 -6.25589 -6.25589 10.4473 -3.21508 10.4473
-6.25589 -6.25589 -6.25589 10.4473 -3.21508 10.4473
-6.25589 -6.25589 -6.25589 10.4473 -3.21508 10.4473
-6.25589 -6.25589 -6.25589 10.4473 -3.21508 10.4473
-6.25589 -6.25589 -6.25589 10.4473 -3.21508 10.4473
-6.25589 -6.25589 -6.25589 10.4473 -3.21508 10.4473
-6.25589 -6.25589 -6.25589 10.4473 -3.21508 10.4473
-6.25589 -6.25589 -6.25589 10.4473 -3.21508 10.4473
-6.25589 -6.25589 -6.25589 10.4473 -3.21508 10.4473
-6.25589 -6.25589 -6.25589 10.4473 -3.21508 10.4473
-6.25589 -6.25589 -6.25589 10.4473 -3.21508 10.4473
-6.25589 -6.25589 -6.25589 10.4473 -3.21508 10.4473
-6.25589 -6.25589 -6.25589 10.4473 -3.21508 10.4473
-6.25589 -6.25589 -6.25589 10.4473 -3.21508 10.4473
-6.25589 -6.25589 -6.25589 10.4473 -3.21508 10.4473
-6.25589 -6.25589 -6.25589 10.4473 -3.21508 10.4473
-6.25589 -6.25589 -6.25589 10.4473 -3.21508 10.4473
-6.25589 -6.25589 -6.25589 10.4473 -3.21508 10.4473
-6.25589 -6.25589 -6.25589 10.4473 -3.21508 10.4473
-6.25589 -6.25589 -6.25589 10.4473 -3.21508 10.4473
-6.25589 -6.25589 -6.25589 10.4473 -3.21508 10.4473
-6.25589 -6.25589 -6.25589 10.4473 -3.21508 10.4473
-6.25589 -6.25589 -6.25589 10.4473 -3.21508 10.4473
-6.25589 -6.25589 -6.25589 10.4473 -3.21508 10.4473
-6.25589 -6.25589 -6.25589 10.4473 -3.21508 10.4473
-6.25589 -6.25589 -6.25589 10.4473 -3.21508 10.4473
-6.25589 -6.25589 -6.25589 10.4473 -3.21508 10.4473
-8.63904 -8.63904 -8.63904 5.72698 -3.26886 5.72698
-8.63904 -8.63904 -8.63904 5.72698 -3.26886 5.72698
-8.63904 -8.63904 -8.63904 5.72698 -3.26886 5.72698
-8.63904 -8.63904 -8.63904 5.72698 -3.26886 5.72698
-8.63904 -8.63904 -8.63904 5.72698 -3.26886 5.72698
-8.63904 -8.63904 -8.63904 5.72698 -3.26886 5.72698
-8.63904 -8.63904 -8.63904 5.72698 -3.26886 5.72698
-8.63904 -8.63904 -8.63904 5.72698 -3.26886 5.72698
-8.63904 -8.63904 -8.63904 5.72698 -3.26886 5.72698
-8.63904 -8.63904 -8.63904 5.72698 -3.26886 5.72698
-8.63904 -8.63904 -8.63904 5.72698 -3.26886 5.72698
-8.63904 -8.63904 -8.63904 5.72698 -3.26886 5.72698
-8.63904 -8.63904 -8.63904 5.72698 -3.26886 5.72698
-8.63904 -8.63904 -8.63904 5.72698 -3.26886 5.72698
-8.63904 -8.63904 -8.63904 5.72698 -3.26886 5.72698
-8.63904 -8.63904 -8.63904 5.72698 -3.26886 5.72698
-8.63904 -8.63904 -8.63904 5.72698 -3.26886 5.72698
-8.63904 -8.63904 -8.63904 5.72698 -3.26886 5.72698
-8.63904 -8.63904 -8.63904 5.72698 -3.26886 5.72698
-8.63904 -8.63904 -8.63904 5.72698 -3.26886 5.72698
-8.63904 -8.63904 -8.63904 5.72698 -3.26886 5.72698
-8.63904 -8.63904 -8.63904 5.72698 -3.26886 5.72698
-8.63904 -8.63904 -8.63904 5.72698 -3.26886 5.72698
-8.63904 -8.63904 -8.63904 5.72698 -3.26886 5.72698
-8.63904 -8.63904 -8.63904 5.72698 -3.26886 5.72698
-8.63904 -8.63904 -8.63904 5.72698 -3.26886 5.72698
-8.63904 -8.63904 -8.63904 5.72698 -3.26886 5.72698
-8.63904 -8.63904 -8.63904 5.72698 -3.26886 5.72698
-8.63904 -8.63904 -8.63904 5.72698 -3.26886 5.72698
-8.63904 -8.63904 -8.63904 5.72698 -3.26886 5.72698
-8.63904 -8.63904 -8.63904 5.72698 -3.26886 5.72698
-8.63904 -8.63904 -8.63904 5.72698 -3.26886 5.72698
-10.4977 -10.4977 -10.4977 0.37878 -1.6422 0.37878
-10.4977 -10.4977 -10.4977 0.37878 -1.6422 0.37878
-10.4977 -10.4977 -10.4977 0.37878 -1.6422 0.37878
-10.4977 -10.4977 -10.4977 0.37878 -1.6422 0.37878
-10.4977 -10.4977 -10.4977 0.37878 -1.6422 0.37878
-10.4977 -10.4977 -10.4977 0.37878 -1.6422 0.37878
-10.4977 -10.4977 -10.4977 0.37878 -1.6422 0.37878
-10.4977 -10.4977 -10.4977 0.37878 -1.6422 0.37878
-10.4977 -10.4977 -10.4977 0.37878 -1.6422 0.37878
-10.4977 -10.4977 -10.4977 0.37878 -1.6422 0.37878
-10.4977 -10.4977 -10.4977 0.37878 -1.6422 0.37878
-10.4977 -10.4977 -10.4977 0.37878 -1.6422 0.37878
-10.4977 -10.4977 -10.4977 0.37878 -1.6422 0.37878
-10.4977 -10.4977 -10.4977 0.37878 -1.6422 0.37878
-10.4977 -10.4977 -10.4977 0.37878 -1.6422 0.37878
-10.4977 -10.4977 -10.4977 0.37878 -1.6422 0.37878
-10.4977 -10.4977 -10.4977 0.37878 -1.6422 0.37878
-10.4977 -10.4977 -10.4977 0.37878 -1.6422 0.37878
-10.4977 -10.4977 -10.4977 0.37878 -1.6422 0.37878
-10.4977 -10.4977 -10.4977 0.37878 -1.6422 0.37878
-10.4977 -10.4977 -10.4977 0.37878 -1.6422 0.37878
-10.4977 -10.4977 -10.4977 0.37878 -1.6422 0.37878
-10.4977 -10.4977 -10.4977 0.37878 -1.6422 0.37878
-10.4977 -10.4977 -10.4977 0.37878 -1.6422 0.37878
-10.4977 -10.4977 -10.4977 0.37878 -1.6422 0.37878
-10.4977 -10.4977 -10.4977 0.37878 -1.6422 0.37878
-10.4977 -10.4977 -10.4977 0.37878 -1.6422 0.37878
-10.4977 -10.4977 -10.4977 0.37878 -1.6422 0.37878
-10.4977 -10.4977 -10.4977 0.37878 -1.6422 0.37878
-10.4977 -10.4977 -10.4977 0.37878 -1.6422 0.37878
-10.4977 -10.4977 -10.4977 0.37878 -1.6422 0.37878
-10.4977 -10.4977 -10.4977 0.37878 -1.6422 0.37878
-9.75803 -9.75803 -9.75803 -2.70405 2.92261 -2.70405
-9.75803 -9.75803 -9.75803 -2.70405 2.92261 -2.70405
-9.75803 -9.75803 -9.75803 -2.70405 2.92261 -2.70405
-9.75803 -9.75803 -9.75803 -2.70405 2.92261 -2.70405
-9.75803 -9.75803 -9.75803 -2.70405 2.92261 -2.70405
-9.75803 -9.75803 -9.75803 -2.70405 2.92261 -2.70405
-9.75803 -9.75803 -9.75803 -2.70405 2.92261 -2.70405
-9.75803 -9.75803 -9.75803 -2.70405 2.92261 -2.70405
-9.75803 -9.75803 -9.75803 -2.70405 2.92261 -2.70405
-9.75803 -9.75803 -9.75803 -2.70405 2.92261 -2.70405
-9.75803 -9.75803 -9.75803 -2.70405 2.92261 -2.70405
-9.75803 -9.75803 -9.75803 -2.70405 2.92261 -2.70405
-9.75803 -9.75803 -9.75803 -2.70405 2.92261 -2.70405
-9.75803 -9.75803 -9.75803 -2.70405 2.92261 -2.70405
-9.75803 -9.75803 -9.75803 -2.70405 2.92261 -2.70405
-9.75803 -9.75803 -9.75803 -2.70405 2.92261 -2.70405
-9.75803 -9.75803 -9.75803 -2.70405 2.92261 -2.70405
-9.75803 -9.75803 -9.75803 -2.70405 2.92261 -2.70405
-9.75803 -9.75803 -9.75803 -2.70405 2.92261 -2.70405
-9.75803 -9.75803 -9.75803 -2.70405 2.92261 -2.70405
-9.75803 -9.75803 -9.75803 -2.70405 2.92261 -2.70405
-9.75803 -9.75803 -9.75803 -2.70405 2.92261 -2.70405
-9.75803 -9.75803 -9.75803 -2.70405 2.92261 -2.70405
-9.75803 -9.75803 -9.75803 -2.70405 2.92261 -2.70405
-9.75803 -9.75803 -9.75803 -2.70405 2.92261 -2.70405
-9.75803 -9.75803 -9.75803 -2.70405 2.92261 -2.70405
-9.75803 -9.75803 -9.75803 -2.70405 2.92261 -2.70405
-9.75803 -9.75803 -9.75803 -2.70405 2.92261 -2.70405
-9.75803 -9.75803 -9.75803 -2.70405 2.92261 -2.70405
-9.75803 -9.75803 -9.75803 -2.70405 2.92261 -2.70405
-9.75803 -9.75803 -9.75803 -2.70405 2.92261 -2.70405
-9.75803 -9.75803 -9.75803 -2.70405 2.92261 -2.70405
-7.29335 -7.29335 -7.29335 -3.18878 8.34378 -3.18878
-7.29335 -7.29335 -7.29335 -3.18878 8.34378 -3.18878
-7.29335 -7.29335 -7.29335 -3.18878 8.34378 -3.18878
-7.29335 -7.29335 -7.29335 -3.18878 8.34378 -3.18878
-7.29335 -7.29335 -7.29335 -3.18878 8.34378 -3.18878
-7.29335 -7.29335 -7.29335 -3.18878 8.34378 -3.18878
-7.29335 -7.29335 -7.29335 -3.18878 8.34378 -3.18878
-7.29335 -7.29335 -7.29335 -3.18878 8.34378 -3.18878
-7.29335 -7.29335 -7.29335 -3.18878 8.34378 -3.18878
-7.29335 -7.29335 -7.29335 -3.18878 8.34378 -3.18878
-7.29335 -7.29335 -7.29335 -3.18878 8.34378 -3.18878
-7.29335 -7.29335 -7.29335 -3.18878 8.34378 -3.18878
-7.29335 -7.29335 -7.29335 -3.18878 8.34378 -3.18878
-7.29335 -7.29335 -7.29335 -3.18878 8.34378 -3.18878
-7.29335 -7.29335 -7.29335 -3.18878 8.34378 -3.18878
-7.29335 -7.29335 -7.29335 -3.18878 8.34378 -3.18878
-7.29335 -7.29335 -7.29335 -3.18878 8.34378 -3.18878
-7.29335 -7.29335 -7.29335 -3.18878 8.34378 -3.18878
-7.29335 -7.29335 -7.29335 -3.18878 8.34378 -3.18878
-7.29335 -7.29335 -7.29335 -3.18878 8.34378 -3.18878
-7.29335 -7.29335 -7.29335 -3.18878 8.34378 -3.18878
-7.29335 -7.29335 -7.29335 -3.18878 8.34378 -3.18878
-7.29335 -7.29335 -7.29335 -3.18878 8.34378 -3.18878
-7.29335 -7.29335 -7.29335 -3.18878 8.34378 -3.18878
-7.29335 -7.29335 -7.29335 -3.18878 8.34378 -3.18878
-7.29335 -7.29335 -7.29335 -3.18878 8.34378 -3.18878
-7.29335 -7.29335 -7.29335 -3.18878 8.34378 -3.18878
-7.29335 -7.29335 -7.29335 -3.18878 8.34378 -3.18878
-7.29335 -7.29335 -7.29335 -3.18878 8.34378 -3.18878
-7.29335 -7.29335 -7.29335 -3.18878 8.34378 -3.18878
-7.29335 -7.29335 -7.29335 -3.18878 8.34378 -3.18878
-7.29335 -7.29335 -7.29335 -3.18878 8.34378 -3.18878
-5.30059 -5.30059 -5.30059 -2.98252 12.13 -2.98252
-5.30059 -5.30059 -5.30059 -2.98252 12.13 -2.98252
-5.30059 -5.30059 -5.30059 -2.98252 12.13 -2.98252
-5.30059 -5.30059 -5.30059 -2.98252 12.13 -2.98252
-5.30059 -5.30059 -5.30059 -2.98252 12.13 -2.98252
-5.30059 -5.30059 -5.30059 -2.98252 12.13 -2.98252
-5.30059 -5.30059 -5.30059 -2.98252 12.13 -2.98252
-5.30059 -5.30059 -5.30059 -2.98252 12.13 -2.98252
-5.30059 -5.30059 -5.30059 -2.98252 12.13 -2.98252
-5.30059 -5.30059 -5.30059 -2.98252 12.13 -2.98252
-5.30059 -5.30059 -5.30059 -2.98252 12.13 -2.98252
-5.30059 -5.30059 -5.30059 -2.98252 12.13 -2.98252
-5.30059 -5.30059 -5.30059 -2.98252 12.13 -2.98252
-5.30059 -5.30059 -5.30059 -2.98252 12.13 -2.98252
-5.30059 -5.30059 -5.30059 -2.98252 12.13 -2.98252
-5.30059 -5.30059 -5.30059 -2.98252 12.13 -2.98252
-5.30059 -5.30059 -5.30059 -2.98252 12.13 -2.98252
-5.30059 -5.30059 -5.30059 -2.98252 12.13 -2.98252
-5.30059 -5.30059 -5.30059 -2.98252 12.13 -2.98252
-5.30059 -5.30059 -5.30059 -2.98252 12.13 -2.98252
-5.30059 -5.30059 -5.30059 -2.98252 12.13 -2.98252
-5.30059 -5.30059 -5.30059 -2.98252 12.13 -2.98252
-5.30059 -5.30059 -5.30059 -2.98252 12.13 -2.98252
-5.30059 -5.30059 -5.30059 -2.98252 12.13 -2.98252
-5.30059 -5.30059 -5.30059 -2.98252 12.13 -2.98252
-5.30059 -5.30059 -5.30059 -2.98252 12.13 -2.98252
-5.30059 -5.30059 -5.30059 -2.98252 12.13 -2.98252
-5.30059 -5.30059 -5.30059 -2.98252 12.13 -2.98252
-5.30059 -5.30059 -5.30059 -2.98252 12.13 -2.98252
-5.30059 -5.30059 -5.30059 -2.98252 12.13 -2.98252
-5.30059 -5.30059 -5.30059 -2.98252 12.13 -2.98252
-5.30059 -5.30059 -5.30059 -2.98252 12.13 -2.98252
-4.36792 -4.36792 -4.36792 -3.0301 14.048 -3.0301
-4.36792 -4.36792 -4.36792 -3.0301 14.048 -3.0301
-4.36792 -4.36792 -4.36792 -3.0301 14.048 -3.0301
-4.36792 -4.36792 -4.36792 -3.0301 14.048 -3.0301
-4.36792 -4.36792 -4.36792 -3.0301 14.048 -3.0301
-4.36792 -4.36792 -4.36792 -3.0301 14.048 -3.0301
-4.36792 -4.36792 -4.36792 -3.0301 14.048 -3.0301
-4.36792 -4.36792 -4.36792 -3.0301 14.048 -3.0301
-4.36792 -4.36792 -4.36792 -3.0301 14.048 -3.0301
-4.36792 -4.36792 -4.36792 -3.0301 14.048 -3.0301
-4.36792 -4.36792 -4.36792 -3.0301 14.048 -3.0301
-4.36792 -4.36792 -4.36792 -3.0301 14.048 -3.0301
-4.36792 -4.36792 -4.36792 -3.0301 14.048 -3.0301
-4.36792 -4.36792 -4.36792 -3.0301 14.048 -3.0301
-4.36792 -4.36792 -4.36792 -3.0301 14.048 -3.0301
-4.36792 -4.36792 -4.36792 -3.0301 14.048 -3.0301
-4.36792 -4.36792 -4.36792 -3.0301 14.048 -3.0301
-4.36792 -4.36792 -4.36792 -3.0301 14.048 -3.0301
-4.36792 -4.36792 -4.36792 -3.0301 14.048 -3.0301
-4.36792 -4.36792 -4.36792 -3.0301 14.048 -3.0301
-4.36792 -4.36792 -4.36792 -3.0301 14.048 -3.0301
-4.36792 -4.36792 -4.36792 -3.0301 14.048 -3.0301
-4.36792 -4.36792 -4.36792 -3.0301 14.048 -3.0301
-4.36792 -4.36792 -4.36792 -3.0301 14.048 -3.0301
-4.36792 -4.36792 -4.36792 -3.0301 14.048 -3.0301
-4.36792 -4.36792 -4.36792 -3.0301 14.048 -3.0301
-4.36792 -4.36792 -4.36792 -3.0301 14.048 -3.0301
-4.36792 -4.36792 -4.36792 -3.0301 14.048 -3.0301
-4.36792 -4.36792 -4.36792 -3.0301 14.048 -3.0301
-4.36792 -4.36792 -4.36792 -3.0301 14.048 -3.0301
-4.36792 -4.36792 -4.36792 -3.0301 14.048 -3.0301
-4.36792 -4.36792 -4.36792 -3.0301 14.048 -3.0301
-4.1358 -4.1358 -4.1358 -3.32916 14.8143 -3.32916
-4.1358 -4.1358 -4.1358 -3.32916 14.8143 -3.32916
-4.1358 -4.1358 -4.1358 -3.32916 14.8143 -3.32916
-4.1358 -4.1358 -4.1358 -3.32916 14.8143 -3.32916
-4.1358 -4.1358 -4.1358 -3.32916 14.8143 -3.32916
-4.1358 -4.1358 -4.1358 -3.32916 14.8143 -3.32916
-4.1358 -4.1358 -4.1358 -3.32916 14.8143 -3.32916
-4.1358 -4.1358 -4.1358 -3.32916 14.8143 -3.32916
-4.1358 -4.1358 -4.1358 -3.32916 14.8143 -3.32916
-4.1358 -4.1358 -4.1358 -3.32916 14.8143 -3.32916
-4.1358 -4.1358 -4.1358 -3.32916 14.8143 -3.32916
-4.1358 -4.1358 -4.1358 -3.32916 14.8143 -3.32916
-4.1358 -4.1358 -4.1358 -3.32916 14.8143 -3.32916
-4.1358 -4.1358 -4.1358 -3.32916 14.8143 -3.32916
-4.1358 -4.1358 -4.1358 -3.32916 14.8143 -3.32916
-4.1358 -4.1358 -4.1358 -3.32916 14.8143 -3.32916
-4.1358 -4.1358 -4.1358 -3.32916 14.8143 -3.32916
-4.1358 -4.1358 -4.1358 -3.32916 14.8143 -3.32916
-4.1358 -4.1358 -4.1358 -3.32916 14.8143 -3.32916
-4.1358 -4.1358 -4.1358 -3.32916 14.8143 -3.32916
-4.1358 -4.1358 -4.1358 -3.32916 14.8143 -3.32916
-4.1358 -4.1358 -4.1358 -3.32916 14.8143 -3.32916
-4.1358 -4.1358 -4.1358 -3.32916 14.8143 -3.32916
-4.1358 -4.1358 -4.1358 -3.32916 14.8143 -3.32916
-4.1358 -4.1358 -4.1358 -3.32916 14.8143 -3.32916
-4.1358 -4.1358 -4.1358 -3.32916 14.8143 -3.32916
-4.1358 -4.1358 -4.1358 -3.32916 14.8143 -3.32916
-4.1358 -4.1358 -4.1358 -3.32916 14.8143 -3.32916
-4.1358 -4.1358 -4.1358 -3.32916 14.8143 -3.32916
-4.1358 -4.1358 -4.1358 -3.32916 14.8143 -3.32916
-4.1358 -4.1358 -4.1358 -3.32916 14.8143 -3.32916
-4.1358 -4.1358 -4.1358 -3.32916 14.8143 -3.32916
-4.20896 -4.20896 -4.20896 -3.69 15.0304 -3.69
-4.20896 -4.20896 -4.20896 -3.69 15.0304 -3.69
-4.20896 -4.20896 -4.20896 -3.69 15.0304 -3.69
-4.20896 -4.20896 -4.20896 -3.69 15.0304 -3.69
-4.20896 -4.20896 -4.20896 -3.69 15.0304 -3.69
-4.20896 -4.20896 -4.20896 -3.69 15.0304 -3.69
-4.20896 -4.20896 -4.20896 -3.69 15.0304 -3.69
-4.20896 -4.20896 -4.20896 -3.69 15.0304 -3.69
-4.20896 -4.20896 -4.20896 -3.69 15.0304 -3.69
-4.20896 -4.20896 -4.20896 -3.69 15.0304 -3.69
-4.20896 -4.20896 -4.20896 -3.69 15.0304 -3.69
-4.20896 -4.20896 -4.20896 -3.69 15.0304 -3.69
-4.20896 -4.20896 -4.20896 -3.69 15.0304 -3.69
-4.20896 -4.20896 -4.20896 -3.69 15.0304 -3.69
-4.20896 -4.20896 -4.20896 -3.69 15.0304 -3.69
-4.20896 -4.20896 -4.20896 -3.69 15.0304 -3.69
-4.20896 -4.20896 -4.20896 -3.69 15.0304 -3.69
-4.20896 -4.20896 -4.20896 -3.69 15.0304 -3.69
-4.20896 -4.20896 -4.20896 -3.69 15.0304 -3.69
-4.20896 -4.20896 -4.20896 -3.69 15.0304 -3.69
-4.20896 -4.20896 -4.20896 -3.69 15.0304 -3.69
-4.20896 -4.20896 -4.20896 -3.69 15.0304 -3.69
-4.20896 -4.20896 -4.20896 -3.69 15.0304 -3.69
-4.20896 -4.20896 -4.20896 -3.69 15.0304 -3.69
-4.20896 -4.20896 -4.20896 -3.69 15.0304 -3.69
-4.20896 -4.20896 -4.20896 -3.69 15.0304 -3.69
-4.20896 -4.20896 -4.20896 -3.69 15.0304 -3.69
-4.20896 -4.20896 -4.20896 -3.69 15.0304 -3.69
-4.20896 -4.20896 -4.20896 -3.69 15.0304 -3.69
-4.20896 -4.20896 -4.20896 -3.69 15.0304 -3.69
-4.20896 -4.20896 -4.20896 -3.69 15.0304 -3.69
-4.20896 -4.20896 -4.20896 -3.69 15.0304 -3.69
-4.33949 -4.33949 -4.33949 -3.96453 15.0445 -3.96453
-4.33949 -4.33949 -4.33949 -3.96453 15.0445 -3.96453
-4.33949 -4.33949 -4.33949 -3.96453 15.0445 -3.96453
-4.33949 -4.33949 -4.33949 -3.96453 15.0445 -3.96453
-4.33949 -4.33949 -4.33949 -3.96453 15.0445 -3.96453
-4.33949 -4.33949 -4.33949 -3.96453 15.0445 -3.96453
-4.33949 -4.33949 -4.33949 -3.96453 15.0445 -3.96453
-4.33949 -4.33949 -4.33949 -3.96453 15.0445 -3.96453
-4.33949 -4.33949 -4.33949 -3.96453 15.0445 -3.96453
-4.33949 -4.33949 -4.33949 -3.96453 15.0445 -3.96453
-4.33949 -4.33949 -4.33949 -3.96453 15.0445 -3.96453
-4.33949 -4.33949 -4.33949 -3.96453 15.0445 -3.96453
-4.33949 -4.33949 -4.33949 -3.96453 15.0445 -3.96453
-4.33949 -4.33949 -4.33949 -3.96453 15.0445 -3.96453
-4.33949 -4.33949 -4.33949 -3.96453 15.0445 -3.96453
-4.33949 -4.33949 -4.33949 -3.96453 15.0445 -3.96453
-4.33949 -4.33949 -4.33949 -3.96453 15.0445 -3.96453
-4.33949 -4.33949 -4.33949 -3.96453 15.0445 -3.96453
-4.33949 -4.33949 -4.33949 -3.96453 15.0445 -3.96453
-4.33949 -4.33949 -4.33949 -3.96453 15.0445 -3.96453
-4.33949 -4.33949 -4.33949 -3.96453 15.0445 -3.96453
-4.33949 -4.33949 -4.33949 -3.96453 15.0445 -3.96453
-4.33949 -4.33949 -4.33949 -3.96453 15.0445 -3.96453
-4.33949 -4.33949 -4.33949 -3.96453 15.0445 -3.96453
-4.33949 -4.33949 -4.33949 -3.96453 15.0445 -3.96453
-4.33949 -4.33949 -4.33949 -3.96453 15.0445 -3.96453
-4.33949 -4.33949 -4.33949 -3.96453 15.0445 -3.96453
-4.33949 -4.33949 -4.33949 -3.96453 15.0445 -3.96453
-4.33949 -4.33949 -4.33949 -3.96453 15.0445 -3.96453
-4.33949 -4.33949 -4.33949 -3.96453 15.0445 -3.96453
-4.33949 -4.33949 -4.33949 -3.96453 15.0445 -3.96453
-4.33949 -4.33949 -4.33949 -3.96453 15.0445 -3.96453
-4.39675 -4.39675 -4.39675 -4.06571 15.0313 -4.06571
-4.39675 -4.39675 -4.39675 -4.06571 15.0313 -4.06571
-4.39675 -4.39675 -4.39675 -4.06571 15.0313 -4.06571
-4.39675 -4.39675 -4.39675 -4.06571 15.0313 -4.06571
-4.39675 -4.39675 -4.39675 -4.06571 15.0313 -4.06571
-4.39675 -4.39675 -4.39675 -4.06571 15.0313 -4.06571
-4.39675 -4.39675 -4.39675 -4.06571 15.0313 -4.06571
-4.39675 -4.39675 -4.39675 -4.06571 15.0313 -4.06571
-4.39675 -4.39675 -4.39675 -4.06571 15.0313 -4.06571
-4.39675 -4.39675 -4.39675 -4.06571 15.0313 -4.06571
-4.39675 -4.39675 -4.39675 -4.06571 15.0313 -4.06571
-4.39675 -4.39675 -4.39675 -4.06571 15.0313 -4.06571
-4.39675 -4.39675 -4.39675 -4.06571 15.0313 -4.06571
-4.39675 -4.39675 -4.39675 -4.06571 15.0313 -4.06571
-4.39675 -4.39675 -4.39675 -4.06571 15.0313 -4.06571
-4.39675 -4.39675 -4.39675 -4.06571 15.0313 -4.06571
-4.39675 -4.39675 -4.39675 -4.06571 15.0313 -4.06571
-4.39675 -4.39675 -4.39675 -4.06571 15.0313 -4.06571
-4.39675 -4.39675 -4.39675 -4.06571 15.0313 -4.06571
-4.39675 -4.39675 -4.39675 -4.06571 15.0313 -4.06571
-4.39675 -4.39675 -4.39675 -4.06571 15.0313 -4.06571
-4.39675 -4.39675 -4.39675 -4.06571 15.0313 -4.06571
-4.39675 -4.39675 -4.39675 -4.06571 15.0313 -4.06571
-4.39675 -4.39675 -4.39675 -4.06571 15.0313 -4.06571
-4.39675 -4.39675 -4.39675 -4.06571 15.0313 -4.06571
-4.39675 -4.39675 -4.39675 -4.06571 15.0313 -4.06571
-4.39675 -4.39675 -4.39675 -4.06571 15.0313 -4.06571
-4.39675 -4.39675 -4.39675 -4.06571 15.0313 -4.06571
-4.39675 -4.39675 -4.39675 -4.06571 15.0313 -4.06571
-4.39675 -4.39675 -4.39675 -4.06571 15.0313 -4.06571
-4.39675 -4.39675 -4.39675 -4.06571 15.0313 -4.06571
-4.39675 -4.39675 -4.39675 -4.06571 15.0313 -4.06571
