0 0 1.40675e-05 1.40672e-05 1.40675e-05 0.00228678 0.0015639 0.996022
0 0.571429 1.40682e-05 1.40681e-05 1.40682e-05 0.00228689 0.00156388 0.996082
0 1.14286 1.40691e-05 1.40693e-05 1.40692e-05 0.00228704 0.00156379 0.996166
0 1.71429 1.40691e-05 1.40691e-05 1.40691e-05 0.002287 0.0015637 0.996159
0 2.28571 1.40685e-05 1.40685e-05 1.40685e-05 0.00228692 0.00156373 0.996113
0 2.85714 1.40688e-05 1.40688e-05 1.40688e-05 0.002287 0.00156392 0.996136
0 3.42857 1.40695e-05 1.40697e-05 1.40696e-05 0.00228716 0.00156404 0.9962
0 4 1.40696e-05 1.40698e-05 1.40696e-05 0.00228715 0.00156398 0.996202
0 4.57143 1.40688e-05 1.40689e-05 1.40688e-05 0.00228699 0.00156385 0.996136
0 5.14286 1.40683e-05 1.40682e-05 1.40683e-05 0.0022869 0.00156384 0.996089
0 5.71429 1.40685e-05 1.40685e-05 1.40685e-05 0.00228695 0.00156391 0.996108
0 6.28571 1.40689e-05 1.40689e-05 1.40689e-05 0.00228702 0.00156394 0.996144
0 6.85714 1.40688e-05 1.40688e-05 1.40688e-05 0.00228699 0.00156388 0.996137
0 7.42857 1.40683e-05 1.40682e-05 1.40683e-05 0.0022869 0.00156382 0.996094
0 8 1.4068e-05 1.40678e-05 1.40679e-05 0.00228685 0.00156382 0.996063
0 8.57143 1.4068e-05 1.40679e-05 1.4068e-05 0.00228686 0.00156385 0.996065
0 9.14286 1.40682e-05 1.40681e-05 1.40682e-05 0.00228689 0.00156384 0.996087
0 9.71429 1.40684e-05 1.40683e-05 1.40684e-05 0.00228691 0.0015638 0.996104
0 10.2857 1.40684e-05 1.40684e-05 1.40684e-05 0.00228691 0.00156381 0.996106
0 10.8571 1.40683e-05 1.40682e-05 1.40683e-05 0.0022869 0.00156385 0.996092
0 11.4286 1.40681e-05 1.4068e-05 1.40681e-05 0.00228688 0.00156387 0.996074
0 12 1.40681e-05 1.4068e-05 1.40681e-05 0.00228688 0.00156385 0.996076
0 12.5714 1.40685e-05 1.40685e-05 1.40685e-05 0.00228694 0.00156385 0.996112
0 13.1429 1.4069e-05 1.40691e-05 1.40691e-05 0.00228704 0.00156391 0.996158
0 13.7143 1.40691e-05 1.40692e-05 1.40692e-05 0.00228707 0.00156397 0.996166
0 14.2857 1.40688e-05 1.40688e-05 1.40688e-05 0.002287 0.00156394 0.996129
0 14.8571 1.40685e-05 1.40685e-05 1.40685e-05 0.00228694 0.00156385 0.996108
0 15.4286 1.4069e-05 1.40691e-05 1.4069e-05 0.00228703 0.00156386 0.996154
0 16 1.40698e-05 1.40701e-05 1.40699e-05 0.00228719 0.00156398 0.996224
0 16.5714 1.40697e-05 1.407e-05 1.40698e-05 0.00228718 0.001564 0.996216
0 17.1429 1.40685e-05 1.40684e-05 1.40685e-05 0.00228692 0.00156378 0.996108
0 17.7143 1.40673e-05 1.4067e-05 1.40673e-05 0.00228668 0.00156353 0.996011
0 18.2857 1.40677e-05 1.40674e-05 1.40676e-05 0.00228675 0.0015636 0.996039
0 18.8571 1.40691e-05 1.40692e-05 1.40692e-05 0.00228707 0.00156399 0.996163
0 19.4286 1.407e-05 1.40702e-05 1.407e-05 0.00228725 0.00156422 0.996233
0.571429 0 1.40681e-05 1.4068e-05 1.40681e-05 0.00228686 0.00156378 0.996078
0.571429 0.571429 1.40686e-05 1.40686e-05 1.40686e-05 0.00228696 0.00156384 0.996119
0.571429 1.14286 1.40692e-05 1.40694e-05 1.40693e-05 0.00228707 0.00156391 0.996172
0.571429 1.71429 1.4069e-05 1.40691e-05 1.4069e-05 0.00228703 0.00156387 0.996154
0.571429 2.28571 1.40684e-05 1.40683e-05 1.40684e-05 0.00228691 0.00156381 0.996099
0.571429 2.85714 1.40683e-05 1.40682e-05 1.40683e-05 0.0022869 0.00156383 0.996093
0.571429 3.42857 1.40687e-05 1.40687e-05 1.40687e-05 0.00228699 0.00156388 0.99613
0.571429 4 1.40688e-05 1.40689e-05 1.40688e-05 0.002287 0.00156385 0.996139
0.571429 4.57143 1.40684e-05 1.40684e-05 1.40684e-05 0.00228691 0.00156377 0.996104
0.571429 5.14286 1.40682e-05 1.40681e-05 1.40682e-05 0.00228687 0.00156377 0.996082
0.571429 5.71429 1.40685e-05 1.40684e-05 1.40685e-05 0.00228693 0.00156382 0.996107
0.571429 6.28571 1.40689e-05 1.4069e-05 1.40689e-05 0.00228701 0.00156386 0.996147
0.571429 6.85714 1.4069e-05 1.40691e-05 1.4069e-05 0.00228702 0.00156383 0.996155
0.571429 7.42857 1.40688e-05 1.40688e-05 1.40688e-05 0.00228697 0.00156381 0.996132
0.571429 8 1.40686e-05 1.40685e-05 1.40686e-05 0.00228695 0.00156383 0.996113
0.571429 8.57143 1.40686e-05 1.40686e-05 1.40686e-05 0.00228697 0.00156386 0.996119
0.571429 9.14286 1.40688e-05 1.40689e-05 1.40689e-05 0.002287 0.00156385 0.996139
0.571429 9.71429 1.4069e-05 1.40691e-05 1.4069e-05 0.00228701 0.00156382 0.996154
0.571429 10.2857 1.4069e-05 1.4069e-05 1.4069e-05 0.00228701 0.00156382 0.996153
0.571429 10.8571 1.40688e-05 1.40688e-05 1.40688e-05 0.00228699 0.00156384 0.996136
0.571429 11.4286 1.40686e-05 1.40686e-05 1.40686e-05 0.00228696 0.00156385 0.996114
0.571429 12 1.40685e-05 1.40684e-05 1.40685e-05 0.00228693 0.00156382 0.996106
0.571429 12.5714 1.40687e-05 1.40686e-05 1.40687e-05 0.00228696 0.0015638 0.996123
0.571429 13.1429 1.40689e-05 1.40689e-05 1.40689e-05 0.002287 0.00156382 0.996146
0.571429 13.7143 1.40688e-05 1.40688e-05 1.40688e-05 0.00228699 0.00156385 0.996138
0.571429 14.2857 1.40684e-05 1.40683e-05 1.40684e-05 0.00228692 0.00156382 0.996101
0.571429 14.8571 1.40681e-05 1.4068e-05 1.40681e-05 0.00228686 0.00156377 0.996077
0.571429 15.4286 1.40684e-05 1.40683e-05 1.40684e-05 0.00228691 0.00156378 0.9961
0.571429 16 1.40688e-05 1.40689e-05 1.40689e-05 0.00228701 0.00156387 0.99614
0.571429 16.5714 1.40689e-05 1.4069e-05 1.40689e-05 0.00228703 0.00156393 0.996147
0.571429 17.1429 1.40687e-05 1.40687e-05 1.40687e-05 0.00228698 0.00156389 0.996128
0.571429 17.7143 1.40686e-05 1.40686e-05 1.40686e-05 0.00228695 0.0015638 0.996121
0.571429 18.2857 1.40687e-05 1.40687e-05 1.40687e-05 0.00228696 0.00156378 0.996129
0.571429 18.8571 1.40687e-05 1.40687e-05 1.40687e-05 0.00228697 0.00156386 0.996128
0.571429 19.4286 1.40687e-05 1.40687e-05 1.40687e-05 0.00228697 0.0015639 0.996123
1.14286 0 1.40695e-05 1.40697e-05 1.40695e-05 0.0022871 0.00156374 0.996198
1.14286 0.571429 1.40691e-05 1.40692e-05 1.40692e-05 0.00228704 0.00156382 0.996165
1.14286 1.14286 1.40686e-05 1.40685e-05 1.40686e-05 0.00228696 0.00156396 0.996113
1.14286 1.71429 1.40684e-05 1.40683e-05 1.40684e-05 0.00228694 0.00156397 0.9961
1.14286 2.28571 1.40684e-05 1.40684e-05 1.40684e-05 0.00228693 0.00156386 0.996106
1.14286 2.85714 1.40683e-05 1.40683e-05 1.40683e-05 0.00228689 0.00156375 0.996096
1.14286 3.42857 1.40682e-05 1.40681e-05 1.40682e-05 0.00228687 0.00156373 0.996088
1.14286 4 1.40684e-05 1.40683e-05 1.40684e-05 0.0022869 0.00156378 0.996098
1.14286 4.57143 1.40686e-05 1.40685e-05 1.40685e-05 0.00228694 0.0015638 0.996113
1.14286 5.14286 1.40687e-05 1.40687e-05 1.40687e-05 0.00228696 0.0015638 0.996122
1.14286 5.71429 1.40688e-05 1.40688e-05 1.40688e-05 0.00228697 0.00156381 0.996132
1.14286 6.28571 1.40689e-05 1.4069e-05 1.4069e-05 0.00228701 0.00156383 0.996148
1.14286 6.85714 1.40691e-05 1.40692e-05 1.40691e-05 0.00228704 0.00156385 0.996161
1.14286 7.42857 1.40691e-05 1.40692e-05 1.40691e-05 0.00228704 0.00156386 0.996159
1.14286 8 1.4069e-05 1.40691e-05 1.4069e-05 0.00228703 0.00156388 0.996151
1.14286 8.57143 1.4069e-05 1.40691e-05 1.4069e-05 0.00228704 0.00156389 0.996152
1.14286 9.14286 1.40691e-05 1.40692e-05 1.40691e-05 0.00228705 0.00156388 0.996162
1.14286 9.71429 1.40692e-05 1.40693e-05 1.40692e-05 0.00228706 0.00156387 0.996171
1.14286 10.2857 1.40692e-05 1.40693e-05 1.40692e-05 0.00228706 0.00156387 0.99617
1.14286 10.8571 1.40691e-05 1.40692e-05 1.40691e-05 0.00228704 0.00156387 0.996159
1.14286 11.4286 1.40689e-05 1.4069e-05 1.4069e-05 0.00228702 0.00156387 0.996147
1.14286 12 1.40689e-05 1.40689e-05 1.40689e-05 0.00228701 0.00156385 0.996143
1.14286 12.5714 1.40689e-05 1.4069e-05 1.40689e-05 0.00228701 0.00156383 0.996146
1.14286 13.1429 1.40689e-05 1.40689e-05 1.40689e-05 0.002287 0.00156382 0.996145
1.14286 13.7143 1.40687e-05 1.40687e-05 1.40687e-05 0.00228697 0.0015638 0.99613
1.14286 14.2857 1.40685e-05 1.40685e-05 1.40685e-05 0.00228693 0.00156378 0.996112
1.14286 14.8571 1.40685e-05 1.40684e-05 1.40684e-05 0.00228692 0.00156378 0.996105
1.14286 15.4286 1.40683e-05 1.40683e-05 1.40683e-05 0.0022869 0.00156378 0.996095
1.14286 16 1.4068e-05 1.40678e-05 1.4068e-05 0.00228684 0.00156375 0.996066
1.14286 16.5714 1.40678e-05 1.40676e-05 1.40678e-05 0.00228681 0.00156375 0.996053
1.14286 17.1429 1.40686e-05 1.40685e-05 1.40686e-05 0.00228696 0.00156389 0.996117
1.14286 17.7143 1.40698e-05 1.40701e-05 1.40699e-05 0.00228721 0.0015641 0.996224
1.14286 18.2857 1.40699e-05 1.40702e-05 1.407e-05 0.00228722 0.00156406 0.996229
1.14286 18.8571 1.40683e-05 1.40682e-05 1.40683e-05 0.00228688 0.00156372 0.996094
1.14286 19.4286 1.40672e-05 1.40669e-05 1.40672e-05 0.00228666 0.0015635 0.996003
1.71429 0 1.40701e-05 1.40704e-05 1.40702e-05 0.00228723 0.00156398 0.996245
1.71429 0.571429 1.40688e-05 1.40689e-05 1.40688e-05 0.002287 0.00156386 0.996138
1.71429 1.14286 1.40673e-05 1.4067e-05 1.40672e-05 0.00228671 0.00156371 0.996006
1.71429 1.71429 1.4068e-05 1.40678e-05 1.40679e-05 0.00228684 0.00156378 0.996064
1.71429 2.28571 1.40695e-05 1.40696e-05 1.40695e-05 0.00228712 0.00156389 0.996193
1.71429 2.85714 1.40696e-05 1.40698e-05 1.40696e-05 0.00228713 0.00156387 0.996204
1.71429 3.42857 1.40689e-05 1.40689e-05 1.40689e-05 0.002287 0.00156383 0.996141
1.71429 4 1.40687e-05 1.40687e-05 1.40687e-05 0.00228698 0.0015639 0.996125
1.71429 4.57143 1.40691e-05 1.40691e-05 1.40691e-05 0.00228706 0.00156397 0.996156
1.71429 5.14286 1.40691e-05 1.40692e-05 1.40692e-05 0.00228706 0.00156394 0.996164
1.71429 5.71429 1.40687e-05 1.40687e-05 1.40687e-05 0.00228698 0.00156387 0.996129
1.71429 6.28571 1.40684e-05 1.40683e-05 1.40684e-05 0.00228692 0.00156384 0.996101
1.71429 6.85714 1.40684e-05 1.40683e-05 1.40684e-05 0.00228693 0.00156387 0.9961
1.71429 7.42857 1.40684e-05 1.40684e-05 1.40684e-05 0.00228694 0.00156388 0.996105
1.71429 8 1.40684e-05 1.40683e-05 1.40684e-05 0.00228692 0.00156385 0.996099
1.71429 8.57143 1.40682e-05 1.40681e-05 1.40682e-05 0.00228689 0.00156382 0.996087
1.71429 9.14286 1.40682e-05 1.40681e-05 1.40682e-05 0.00228688 0.00156382 0.996083
1.71429 9.71429 1.40682e-05 1.40681e-05 1.40682e-05 0.00228689 0.00156382 0.996086
1.71429 10.2857 1.40683e-05 1.40682e-05 1.40682e-05 0.00228689 0.00156383 0.996088
1.71429 10.8571 1.40683e-05 1.40682e-05 1.40683e-05 0.0022869 0.00156383 0.996089
1.71429 11.4286 1.40684e-05 1.40683e-05 1.40683e-05 0.00228692 0.00156385 0.996098
1.71429 12 1.40686e-05 1.40685e-05 1.40686e-05 0.00228696 0.00156388 0.996115
1.71429 12.5714 1.40687e-05 1.40687e-05 1.40687e-05 0.00228698 0.00156391 0.996125
1.71429 13.1429 1.40686e-05 1.40686e-05 1.40686e-05 0.00228697 0.0015639 0.996122
1.71429 13.7143 1.40687e-05 1.40687e-05 1.40687e-05 0.00228697 0.00156387 0.996125
1.71429 14.2857 1.4069e-05 1.4069e-05 1.4069e-05 0.00228702 0.00156388 0.996148
1.71429 14.8571 1.40693e-05 1.40695e-05 1.40693e-05 0.0022871 0.00156395 0.99618
1.71429 15.4286 1.40693e-05 1.40695e-05 1.40694e-05 0.00228711 0.00156398 0.99618
1.71429 16 1.40689e-05 1.40689e-05 1.40689e-05 0.00228701 0.00156386 0.996141
1.71429 16.5714 1.40684e-05 1.40684e-05 1.40684e-05 0.0022869 0.00156369 0.996103
1.71429 17.1429 1.40684e-05 1.40683e-05 1.40683e-05 0.00228689 0.0015637 0.9961
1.71429 17.7143 1.40687e-05 1.40687e-05 1.40687e-05 0.00228699 0.00156392 0.996128
1.71429 18.2857 1.40689e-05 1.4069e-05 1.4069e-05 0.00228704 0.00156402 0.996146
1.71429 18.8571 1.40686e-05 1.40686e-05 1.40686e-05 0.00228696 0.00156382 0.996121
1.71429 19.4286 1.40683e-05 1.40683e-05 1.40683e-05 0.00228688 0.00156365 0.996097
2.28571 0 1.40689e-05 1.40689e-05 1.40689e-05 0.00228703 0.00156408 0.996136
2.28571 0.571429 1.40682e-05 1.40681e-05 1.40682e-05 0.00228689 0.00156385 0.996084
2.28571 1.14286 1.40679e-05 1.40677e-05 1.40679e-05 0.0022868 0.0015636 0.99606
2.28571 1.71429 1.40691e-05 1.40692e-05 1.40691e-05 0.00228702 0.00156377 0.996159
2.28571 2.28571 1.40699e-05 1.40702e-05 1.407e-05 0.00228721 0.00156401 0.99623
2.28571 2.85714 1.40693e-05 1.40694e-05 1.40693e-05 0.00228709 0.00156396 0.996176
2.28571 3.42857 1.40683e-05 1.40682e-05 1.40683e-05 0.00228691 0.00156383 0.996095
2.28571 4 1.40682e-05 1.40681e-05 1.40682e-05 0.00228689 0.00156384 0.996084
2.28571 4.57143 1.40687e-05 1.40687e-05 1.40687e-05 0.00228699 0.0015639 0.996128
2.28571 5.14286 1.40688e-05 1.40689e-05 1.40688e-05 0.002287 0.00156386 0.996139
2.28571 5.71429 1.40684e-05 1.40683e-05 1.40684e-05 0.0022869 0.00156377 0.996101
2.28571 6.28571 1.40681e-05 1.4068e-05 1.40681e-05 0.00228686 0.00156376 0.996078
2.28571 6.85714 1.40683e-05 1.40682e-05 1.40683e-05 0.0022869 0.00156382 0.996092
2.28571 7.42857 1.40686e-05 1.40686e-05 1.40686e-05 0.00228697 0.00156385 0.996121
2.28571 8 1.40687e-05 1.40687e-05 1.40687e-05 0.00228697 0.00156382 0.996129
2.28571 8.57143 1.40686e-05 1.40686e-05 1.40686e-05 0.00228694 0.00156378 0.996118
2.28571 9.14286 1.40685e-05 1.40685e-05 1.40685e-05 0.00228693 0.00156379 0.996109
2.28571 9.71429 1.40685e-05 1.40685e-05 1.40685e-05 0.00228694 0.00156382 0.996108
2.28571 10.2857 1.40685e-05 1.40684e-05 1.40685e-05 0.00228694 0.00156382 0.996107
2.28571 10.8571 1.40685e-05 1.40684e-05 1.40685e-05 0.00228692 0.00156379 0.996106
2.28571 11.4286 1.40685e-05 1.40685e-05 1.40685e-05 0.00228693 0.00156378 0.996113
2.28571 12 1.40686e-05 1.40686e-05 1.40686e-05 0.00228696 0.00156382 0.996124
2.28571 12.5714 1.40686e-05 1.40686e-05 1.40686e-05 0.00228696 0.00156385 0.996118
2.28571 13.1429 1.40683e-05 1.40682e-05 1.40682e-05 0.0022869 0.00156382 0.996089
2.28571 13.7143 1.40682e-05 1.40681e-05 1.40682e-05 0.00228687 0.00156378 0.996082
2.28571 14.2857 1.40685e-05 1.40685e-05 1.40685e-05 0.00228692 0.00156379 0.99611
2.28571 14.8571 1.40688e-05 1.40689e-05 1.40688e-05 0.002287 0.00156387 0.996139
2.28571 15.4286 1.40688e-05 1.40688e-05 1.40688e-05 0.00228701 0.00156395 0.996135
2.28571 16 1.40689e-05 1.40689e-05 1.40689e-05 0.00228702 0.00156396 0.996139
2.28571 16.5714 1.40695e-05 1.40697e-05 1.40695e-05 0.00228712 0.00156392 0.996192
2.28571 17.1429 1.40694e-05 1.40696e-05 1.40694e-05 0.00228708 0.00156379 0.996186
2.28571 17.7143 1.40679e-05 1.40677e-05 1.40679e-05 0.00228681 0.00156365 0.996061
2.28571 18.2857 1.40673e-05 1.4067e-05 1.40672e-05 0.00228671 0.00156371 0.996008
2.28571 18.8571 1.40689e-05 1.4069e-05 1.40689e-05 0.00228702 0.00156394 0.996143
2.28571 19.4286 1.40701e-05 1.40705e-05 1.40702e-05 0.00228726 0.00156407 0.996249
2.85714 0 1.40673e-05 1.4067e-05 1.40673e-05 0.00228673 0.00156381 0.99601
2.85714 0.571429 1.40685e-05 1.40685e-05 1.40685e-05 0.00228693 0.00156381 0.99611
2.85714 1.14286 1.40701e-05 1.40704e-05 1.40702e-05 0.00228722 0.00156389 0.996247
2.85714 1.71429 1.40696e-05 1.40698e-05 1.40696e-05 0.00228714 0.00156397 0.996199
2.85714 2.28571 1.40679e-05 1.40677e-05 1.40678e-05 0.00228683 0.00156387 0.996054
2.85714 2.85714 1.40675e-05 1.40672e-05 1.40674e-05 0.00228675 0.00156373 0.996023
2.85714 3.42857 1.40681e-05 1.40679e-05 1.4068e-05 0.00228685 0.00156371 0.996073
2.85714 4 1.40685e-05 1.40684e-05 1.40685e-05 0.00228692 0.00156376 0.996106
2.85714 4.57143 1.40689e-05 1.40689e-05 1.40689e-05 0.00228699 0.00156382 0.996141
2.85714 5.14286 1.4069e-05 1.40691e-05 1.4069e-05 0.00228702 0.00156382 0.996154
2.85714 5.71429 1.40689e-05 1.4069e-05 1.40689e-05 0.00228699 0.00156378 0.996145
2.85714 6.28571 1.40689e-05 1.4069e-05 1.40689e-05 0.00228701 0.00156383 0.996144
2.85714 6.85714 1.40691e-05 1.40692e-05 1.40691e-05 0.00228705 0.0015639 0.996157
2.85714 7.42857 1.40695e-05 1.40696e-05 1.40695e-05 0.00228713 0.00156394 0.996191
2.85714 8 1.40695e-05 1.40697e-05 1.40696e-05 0.00228713 0.00156392 0.996197
2.85714 8.57143 1.40694e-05 1.40695e-05 1.40694e-05 0.0022871 0.00156388 0.996185
2.85714 9.14286 1.40693e-05 1.40694e-05 1.40693e-05 0.0022871 0.00156391 0.996174
2.85714 9.71429 1.40693e-05 1.40694e-05 1.40693e-05 0.00228711 0.00156395 0.996173
2.85714 10.2857 1.40693e-05 1.40694e-05 1.40693e-05 0.00228711 0.00156395 0.996172
2.85714 10.8571 1.40692e-05 1.40694e-05 1.40693e-05 0.00228708 0.0015639 0.996172
2.85714 11.4286 1.40693e-05 1.40695e-05 1.40694e-05 0.00228708 0.00156386 0.996182
2.85714 12 1.40694e-05 1.40695e-05 1.40694e-05 0.0022871 0.00156388 0.996187
2.85714 12.5714 1.40693e-05 1.40695e-05 1.40694e-05 0.0022871 0.00156391 0.996181
2.85714 13.1429 1.40688e-05 1.40689e-05 1.40688e-05 0.002287 0.00156385 0.996138
2.85714 13.7143 1.40686e-05 1.40685e-05 1.40685e-05 0.00228693 0.00156378 0.996113
2.85714 14.2857 1.40687e-05 1.40687e-05 1.40687e-05 0.00228695 0.00156376 0.996128
2.85714 14.8571 1.40687e-05 1.40687e-05 1.40687e-05 0.00228696 0.00156376 0.996128
2.85714 15.4286 1.40681e-05 1.4068e-05 1.40681e-05 0.00228686 0.00156372 0.996079
2.85714 16 1.40674e-05 1.40672e-05 1.40674e-05 0.00228674 0.00156371 0.99602
2.85714 16.5714 1.40683e-05 1.40682e-05 1.40683e-05 0.00228691 0.00156393 0.996091
2.85714 17.1429 1.40698e-05 1.40701e-05 1.40699e-05 0.0022872 0.00156409 0.996219
2.85714 17.7143 1.40691e-05 1.40692e-05 1.40691e-05 0.00228704 0.00156382 0.99616
2.85714 18.2857 1.40677e-05 1.40674e-05 1.40676e-05 0.00228675 0.00156358 0.996039
2.85714 18.8571 1.40686e-05 1.40686e-05 1.40686e-05 0.00228697 0.00156386 0.996122
2.85714 19.4286 1.40699e-05 1.40702e-05 1.40699e-05 0.00228722 0.00156413 0.996227
3.42857 0 1.40674e-05 1.40672e-05 1.40674e-05 0.00228671 0.00156358 0.996022
3.42857 0.571429 1.40692e-05 1.40693e-05 1.40692e-05 0.00228706 0.00156386 0.99617
3.42857 1.14286 1.40704e-05 1.40708e-05 1.40705e-05 0.0022873 0.00156414 0.996268
3.42857 1.71429 1.40679e-05 1.40677e-05 1.40678e-05 0.00228682 0.00156385 0.996055
3.42857 2.28571 1.40666e-05 1.40661e-05 1.40665e-05 0.00228657 0.00156355 0.995948
3.42857 2.85714 1.40687e-05 1.40688e-05 1.40687e-05 0.00228698 0.00156377 0.99613
3.42857 3.42857 1.407e-05 1.40703e-05 1.407e-05 0.00228722 0.00156399 0.996234
3.42857 4 1.40693e-05 1.40695e-05 1.40694e-05 0.00228709 0.00156393 0.996179
3.42857 4.57143 1.40689e-05 1.40689e-05 1.40689e-05 0.002287 0.00156389 0.99614
3.42857 5.14286 1.40687e-05 1.40687e-05 1.40687e-05 0.00228698 0.00156388 0.996127
3.42857 5.71429 1.40688e-05 1.40688e-05 1.40688e-05 0.00228699 0.00156388 0.996133
3.42857 6.28571 1.40685e-05 1.40685e-05 1.40685e-05 0.00228696 0.00156389 0.99611
3.42857 6.85714 1.40683e-05 1.40682e-05 1.40683e-05 0.00228693 0.00156386 0.996092
3.42857 7.42857 1.40685e-05 1.40684e-05 1.40685e-05 0.00228698 0.00156386 0.996108
3.42857 8 1.40683e-05 1.40682e-05 1.40683e-05 0.00228697 0.0015638 0.996096
3.42857 8.57143 1.40683e-05 1.40682e-05 1.40682e-05 0.00228699 0.00156377 0.996089
3.42857 9.14286 1.40681e-05 1.4068e-05 1.40681e-05 0.002287 0.00156379 0.996078
3.42857 9.71429 1.40681e-05 1.4068e-05 1.40681e-05 0.00228702 0.00156384 0.996077
3.42857 10.2857 1.40682e-05 1.40681e-05 1.40682e-05 0.00228701 0.00156385 0.996081
3.42857 10.8571 1.40682e-05 1.4068e-05 1.40681e-05 0.00228695 0.0015638 0.99608
3.42857 11.4286 1.40684e-05 1.40683e-05 1.40684e-05 0.00228694 0.0015638 0.996102
3.42857 12 1.40685e-05 1.40684e-05 1.40684e-05 0.00228694 0.00156382 0.996107
3.42857 12.5714 1.40687e-05 1.40687e-05 1.40687e-05 0.00228698 0.00156391 0.996124
3.42857 13.1429 1.40687e-05 1.40687e-05 1.40687e-05 0.00228699 0.00156391 0.996127
3.42857 13.7143 1.40686e-05 1.40686e-05 1.40686e-05 0.00228697 0.00156389 0.996121
3.42857 14.2857 1.4069e-05 1.4069e-05 1.4069e-05 0.00228703 0.00156392 0.99615
3.42857 14.8571 1.40692e-05 1.40694e-05 1.40693e-05 0.00228708 0.00156393 0.996172
3.42857 15.4286 1.40696e-05 1.40698e-05 1.40696e-05 0.00228712 0.0015639 0.996199
3.42857 16 1.40688e-05 1.40688e-05 1.40688e-05 0.00228697 0.0015637 0.996135
3.42857 16.5714 1.40673e-05 1.4067e-05 1.40673e-05 0.00228672 0.00156365 0.996014
3.42857 17.1429 1.4068e-05 1.40679e-05 1.4068e-05 0.00228688 0.00156397 0.996069
3.42857 17.7143 1.40696e-05 1.40697e-05 1.40696e-05 0.00228715 0.00156405 0.996196
3.42857 18.2857 1.40693e-05 1.40694e-05 1.40693e-05 0.00228706 0.00156378 0.996176
3.42857 18.8571 1.40684e-05 1.40684e-05 1.40684e-05 0.00228691 0.00156376 0.996106
3.42857 19.4286 1.40683e-05 1.40682e-05 1.40682e-05 0.0022869 0.00156387 0.996089
4 0 1.40685e-05 1.40685e-05 1.40685e-05 0.0022869 0.00156364 0.996111
4 0.571429 1.4069e-05 1.40691e-05 1.40691e-05 0.00228703 0.00156389 0.996154
4 1.14286 1.40685e-05 1.40684e-05 1.40684e-05 0.00228694 0.00156397 0.996105
4 1.71429 1.40673e-05 1.4067e-05 1.40672e-05 0.0022867 0.0015636 0.996009
4 2.28571 1.40692e-05 1.40693e-05 1.40692e-05 0.00228705 0.00156373 0.996168
4 2.85714 1.40709e-05 1.40714e-05 1.4071e-05 0.0022874 0.00156419 0.99631
4 3.42857 1.40692e-05 1.40693e-05 1.40692e-05 0.00228709 0.00156407 0.99617
4 4 1.40679e-05 1.40678e-05 1.40679e-05 0.00228683 0.00156377 0.996062
4 4.57143 1.40679e-05 1.40677e-05 1.40679e-05 0.00228682 0.00156375 0.996058
4 5.14286 1.4068e-05 1.40679e-05 1.4068e-05 0.00228685 0.00156377 0.99607
4 5.71429 1.40685e-05 1.40685e-05 1.40685e-05 0.00228697 0.00156384 0.996113
4 6.28571 1.40682e-05 1.40681e-05 1.40681e-05 0.00228693 0.00156379 0.996083
4 6.85714 1.40683e-05 1.40682e-05 1.40683e-05 0.00228702 0.00156376 0.996094
4 7.42857 1.40684e-05 1.40683e-05 1.40684e-05 0.00228716 0.00156378 0.996101
4 8 1.40684e-05 1.40683e-05 1.40684e-05 0.00228736 0.00156373 0.996101
4 8.57143 1.40686e-05 1.40686e-05 1.40686e-05 0.00228764 0.00156375 0.996117
4 9.14286 1.40685e-05 1.40685e-05 1.40685e-05 0.0022878 0.00156377 0.996111
4 9.71429 1.40685e-05 1.40685e-05 1.40685e-05 0.00228782 0.00156381 0.996111
4 10.2857 1.40686e-05 1.40685e-05 1.40686e-05 0.00228766 0.00156382 0.996115
4 10.8571 1.40684e-05 1.40683e-05 1.40684e-05 0.00228737 0.00156375 0.996099
4 11.4286 1.40684e-05 1.40684e-05 1.40684e-05 0.00228716 0.00156375 0.996105
4 12 1.40683e-05 1.40682e-05 1.40683e-05 0.002287 0.00156372 0.996094
4 12.5714 1.4068e-05 1.40679e-05 1.4068e-05 0.00228688 0.00156375 0.996067
4 13.1429 1.40684e-05 1.40683e-05 1.40684e-05 0.00228693 0.00156382 0.996098
4 13.7143 1.40682e-05 1.40682e-05 1.40682e-05 0.0022869 0.00156381 0.99609
4 14.2857 1.40683e-05 1.40682e-05 1.40683e-05 0.00228692 0.00156385 0.996095
4 14.8571 1.40678e-05 1.40676e-05 1.40678e-05 0.00228682 0.00156381 0.996052
4 15.4286 1.40686e-05 1.40686e-05 1.40686e-05 0.00228697 0.00156398 0.99612
4 16 1.40709e-05 1.40713e-05 1.4071e-05 0.00228737 0.00156411 0.996306
4 16.5714 1.40697e-05 1.40699e-05 1.40697e-05 0.00228713 0.00156378 0.996209
4 17.1429 1.40672e-05 1.40669e-05 1.40671e-05 0.00228669 0.00156363 0.996001
4 17.7143 1.40683e-05 1.40681e-05 1.40682e-05 0.0022869 0.00156391 0.996089
4 18.2857 1.40698e-05 1.40701e-05 1.40699e-05 0.00228719 0.00156398 0.996222
4 18.8571 1.40686e-05 1.40686e-05 1.40686e-05 0.00228695 0.00156379 0.99612
4 19.4286 1.40674e-05 1.40671e-05 1.40673e-05 0.00228671 0.00156368 0.996014
4.57143 0 1.40693e-05 1.40694e-05 1.40693e-05 0.00228707 0.00156384 0.996176
4.57143 0.571429 1.40685e-05 1.40684e-05 1.40685e-05 0.00228693 0.00156386 0.996106
4.57143 1.14286 1.40675e-05 1.40672e-05 1.40674e-05 0.00228675 0.00156375 0.996024
4.57143 1.71429 1.40691e-05 1.40692e-05 1.40691e-05 0.00228703 0.00156375 0.996162
4.57143 2.28571 1.40709e-05 1.40713e-05 1.4071e-05 0.00228738 0.00156412 0.996306
4.57143 2.85714 1.40683e-05 1.40682e-05 1.40682e-05 0.00228692 0.00156401 0.996089
4.57143 3.42857 1.40664e-05 1.4066e-05 1.40663e-05 0.00228654 0.00156353 0.99594
4.57143 4 1.40685e-05 1.40685e-05 1.40685e-05 0.00228691 0.00156363 0.996112
4.57143 4.57143 1.4069e-05 1.40691e-05 1.4069e-05 0.00228702 0.00156382 0.99615
4.57143 5.14286 1.40691e-05 1.40692e-05 1.40691e-05 0.00228708 0.00156387 0.996161
4.57143 5.71429 1.40697e-05 1.40699e-05 1.40697e-05 0.00228725 0.00156399 0.996209
4.57143 6.28571 1.40693e-05 1.40694e-05 1.40693e-05 0.00228734 0.0015639 0.996178
4.57143 6.85714 1.40697e-05 1.40699e-05 1.40698e-05 0.00228782 0.00156397 0.996212
4.57143 7.42857 1.4069e-05 1.4069e-05 1.4069e-05 0.00228847 0.00156392 0.996149
4.57143 8 1.40693e-05 1.40694e-05 1.40694e-05 0.0022898 0.00156394 0.996178
4.57143 8.57143 1.40693e-05 1.40694e-05 1.40694e-05 0.00229124 0.00156397 0.996175
4.57143 9.14286 1.40694e-05 1.40694e-05 1.40694e-05 0.00229223 0.00156397 0.996175
4.57143 9.71429 1.40693e-05 1.40694e-05 1.40693e-05 0.00229223 0.00156399 0.996172
4.57143 10.2857 1.40693e-05 1.40694e-05 1.40693e-05 0.00229125 0.001564 0.996174
4.57143 10.8571 1.40695e-05 1.40696e-05 1.40695e-05 0.00228983 0.00156396 0.99619
4.57143 11.4286 1.40692e-05 1.40693e-05 1.40692e-05 0.00228851 0.00156394 0.996169
4.57143 12 1.40697e-05 1.40699e-05 1.40697e-05 0.0022878 0.00156396 0.996209
4.57143 12.5714 1.40689e-05 1.40689e-05 1.40689e-05 0.00228725 0.00156384 0.996141
4.57143 13.1429 1.40693e-05 1.40695e-05 1.40694e-05 0.00228718 0.00156391 0.996179
4.57143 13.7143 1.40694e-05 1.40695e-05 1.40694e-05 0.00228713 0.00156388 0.996186
4.57143 14.2857 1.40695e-05 1.40697e-05 1.40696e-05 0.00228714 0.00156393 0.996198
4.57143 14.8571 1.40685e-05 1.40685e-05 1.40685e-05 0.00228693 0.00156369 0.996113
4.57143 15.4286 1.40661e-05 1.40655e-05 1.40659e-05 0.00228647 0.00156348 0.995908
4.57143 16 1.40683e-05 1.40681e-05 1.40682e-05 0.0022869 0.00156398 0.996088
4.57143 16.5714 1.40709e-05 1.40713e-05 1.4071e-05 0.00228738 0.00156413 0.996306
4.57143 17.1429 1.40687e-05 1.40687e-05 1.40687e-05 0.00228694 0.00156368 0.996125
4.57143 17.7143 1.40676e-05 1.40674e-05 1.40676e-05 0.00228677 0.0015637 0.996037
4.57143 18.2857 1.40693e-05 1.40695e-05 1.40694e-05 0.00228711 0.001564 0.996181
4.57143 18.8571 1.40689e-05 1.4069e-05 1.40689e-05 0.00228701 0.00156388 0.996144
4.57143 19.4286 1.40677e-05 1.40675e-05 1.40677e-05 0.00228677 0.00156369 0.996042
5.14286 0 1.40697e-05 1.40699e-05 1.40698e-05 0.00228717 0.00156398 0.996213
5.14286 0.571429 1.40684e-05 1.40683e-05 1.40684e-05 0.00228692 0.00156385 0.996102
5.14286 1.14286 1.40679e-05 1.40677e-05 1.40679e-05 0.00228682 0.00156373 0.99606
5.14286 1.71429 1.407e-05 1.40703e-05 1.40701e-05 0.00228722 0.00156398 0.996238
5.14286 2.28571 1.40689e-05 1.4069e-05 1.40689e-05 0.00228703 0.001564 0.996146
5.14286 2.85714 1.4066e-05 1.40654e-05 1.40658e-05 0.00228645 0.00156348 0.995898
5.14286 3.42857 1.40689e-05 1.40689e-05 1.40689e-05 0.00228697 0.00156361 0.996141
5.14286 4 1.40712e-05 1.40717e-05 1.40713e-05 0.00228743 0.00156416 0.996329
5.14286 4.57143 1.40685e-05 1.40685e-05 1.40685e-05 0.00228699 0.00156394 0.996113
5.14286 5.14286 1.40687e-05 1.40687e-05 1.40687e-05 0.00228712 0.0015639 0.996131
5.14286 5.71429 1.40687e-05 1.40687e-05 1.40687e-05 0.00228742 0.00156394 0.996128
5.14286 6.28571 1.40686e-05 1.40685e-05 1.40686e-05 0.00228824 0.00156382 0.996118
5.14286 6.85714 1.40684e-05 1.40683e-05 1.40684e-05 0.00229035 0.00156387 0.996099
5.14286 7.42857 1.40674e-05 1.4067e-05 1.40673e-05 0.00229456 0.00156368 0.996006
5.14286 8 1.40686e-05 1.40683e-05 1.40686e-05 0.00230188 0.00156383 0.996088
5.14286 8.57143 1.40682e-05 1.40676e-05 1.40681e-05 0.00231002 0.00156376 0.996039
5.14286 9.14286 1.40687e-05 1.40681e-05 1.40686e-05 0.00231571 0.00156379 0.996062
5.14286 9.71429 1.40686e-05 1.4068e-05 1.40685e-05 0.0023157 0.00156378 0.996055
5.14286 10.2857 1.40682e-05 1.40675e-05 1.4068e-05 0.00231001 0.00156375 0.996032
5.14286 10.8571 1.40688e-05 1.40685e-05 1.40688e-05 0.00230192 0.00156385 0.996107
5.14286 11.4286 1.40678e-05 1.40674e-05 1.40677e-05 0.00229463 0.00156373 0.996039
5.14286 12 1.40685e-05 1.40684e-05 1.40685e-05 0.00229037 0.0015639 0.996104
5.14286 12.5714 1.40681e-05 1.4068e-05 1.40681e-05 0.00228815 0.00156377 0.996078
5.14286 13.1429 1.40683e-05 1.40682e-05 1.40683e-05 0.00228732 0.00156385 0.996092
5.14286 13.7143 1.40689e-05 1.40689e-05 1.40689e-05 0.00228714 0.00156389 0.996144
5.14286 14.2857 1.40689e-05 1.4069e-05 1.40689e-05 0.00228707 0.00156401 0.996147
5.14286 14.8571 1.40712e-05 1.40717e-05 1.40713e-05 0.00228745 0.00156419 0.996334
5.14286 15.4286 1.40689e-05 1.40689e-05 1.40689e-05 0.00228697 0.00156359 0.996139
5.14286 16 1.40662e-05 1.40656e-05 1.4066e-05 0.00228649 0.00156351 0.995915
5.14286 16.5714 1.40687e-05 1.40687e-05 1.40687e-05 0.002287 0.00156402 0.996127
5.14286 17.1429 1.40694e-05 1.40696e-05 1.40695e-05 0.0022871 0.00156388 0.996187
5.14286 17.7143 1.40681e-05 1.4068e-05 1.40681e-05 0.00228685 0.0015637 0.996078
5.14286 18.2857 1.40689e-05 1.40689e-05 1.40689e-05 0.00228702 0.00156395 0.996142
5.14286 18.8571 1.40691e-05 1.40692e-05 1.40691e-05 0.00228706 0.00156393 0.996161
5.14286 19.4286 1.40685e-05 1.40684e-05 1.40684e-05 0.00228692 0.00156376 0.996107
5.71429 0 1.40697e-05 1.40699e-05 1.40697e-05 0.00228717 0.00156402 0.996211
5.71429 0.571429 1.40685e-05 1.40684e-05 1.40685e-05 0.00228693 0.00156382 0.996108
5.71429 1.14286 1.40683e-05 1.40682e-05 1.40683e-05 0.00228689 0.00156374 0.996095
5.71429 1.71429 1.40696e-05 1.40698e-05 1.40697e-05 0.00228716 0.001564 0.996204
5.71429 2.28571 1.40679e-05 1.40677e-05 1.40678e-05 0.00228683 0.0015638 0.996058
5.71429 2.85714 1.4068e-05 1.40678e-05 1.40679e-05 0.00228681 0.00156359 0.996062
5.71429 3.42857 1.40711e-05 1.40716e-05 1.40712e-05 0.00228743 0.00156417 0.996321
5.71429 4 1.40682e-05 1.40681e-05 1.40681e-05 0.00228695 0.00156407 0.996084
5.71429 4.57143 1.40662e-05 1.40657e-05 1.40661e-05 0.00228666 0.00156349 0.995924
5.71429 5.14286 1.40688e-05 1.40688e-05 1.40688e-05 0.00228757 0.00156378 0.996137
5.71429 5.71429 1.4068e-05 1.40679e-05 1.4068e-05 0.00228887 0.00156374 0.996074
5.71429 6.28571 1.40691e-05 1.4069e-05 1.40691e-05 0.00229333 0.00156379 0.99615
5.71429 6.85714 1.40682e-05 1.40677e-05 1.40681e-05 0.00230405 0.00156372 0.996049
5.71429 7.42857 1.40694e-05 1.40687e-05 1.40693e-05 0.00232718 0.00156372 0.996088
5.71429 8 1.40707e-05 1.40695e-05 1.40705e-05 0.00236503 0.00156395 0.99609
5.71429 8.57143 1.40714e-05 1.40696e-05 1.40711e-05 0.00240917 0.00156388 0.996033
5.71429 9.14286 1.40723e-05 1.40704e-05 1.4072e-05 0.00243947 0.00156397 0.996031
5.71429 9.71429 1.40722e-05 1.40702e-05 1.40718e-05 0.00243943 0.00156394 0.996018
5.71429 10.2857 1.40712e-05 1.40694e-05 1.40709e-05 0.00240912 0.00156383 0.996016
5.71429 10.8571 1.40708e-05 1.40697e-05 1.40706e-05 0.00236506 0.00156395 0.996104
5.71429 11.4286 1.40698e-05 1.40692e-05 1.40697e-05 0.00232727 0.00156379 0.996127
5.71429 12 1.40684e-05 1.40679e-05 1.40683e-05 0.0023041 0.00156378 0.996064
5.71429 12.5714 1.40688e-05 1.40687e-05 1.40688e-05 0.00229327 0.00156377 0.996123
5.71429 13.1429 1.40677e-05 1.40675e-05 1.40677e-05 0.0022888 0.00156367 0.996044
5.71429 13.7143 1.40689e-05 1.40689e-05 1.40689e-05 0.00228757 0.00156377 0.996139
5.71429 14.2857 1.40663e-05 1.40658e-05 1.40662e-05 0.00228668 0.00156351 0.995932
5.71429 14.8571 1.40681e-05 1.4068e-05 1.40681e-05 0.00228693 0.00156405 0.996078
5.71429 15.4286 1.40713e-05 1.40718e-05 1.40714e-05 0.00228745 0.00156416 0.996337
5.71429 16 1.40683e-05 1.40683e-05 1.40683e-05 0.00228689 0.00156366 0.996096
5.71429 16.5714 1.40677e-05 1.40675e-05 1.40677e-05 0.00228681 0.00156383 0.996043
5.71429 17.1429 1.40692e-05 1.40693e-05 1.40692e-05 0.00228707 0.00156393 0.996167
5.71429 17.7143 1.40686e-05 1.40686e-05 1.40686e-05 0.00228694 0.00156375 0.996116
5.71429 18.2857 1.40685e-05 1.40685e-05 1.40685e-05 0.00228694 0.00156388 0.99611
5.71429 18.8571 1.4069e-05 1.4069e-05 1.4069e-05 0.00228703 0.0015639 0.996151
5.71429 19.4286 1.40689e-05 1.4069e-05 1.40689e-05 0.002287 0.00156379 0.996147
6.28571 0 1.40692e-05 1.40693e-05 1.40692e-05 0.00228707 0.00156396 0.996169
6.28571 0.571429 1.40684e-05 1.40683e-05 1.40684e-05 0.00228691 0.00156377 0.996102
6.28571 1.14286 1.40686e-05 1.40686e-05 1.40686e-05 0.00228694 0.00156376 0.996119
6.28571 1.71429 1.40693e-05 1.40694e-05 1.40693e-05 0.0022871 0.001564 0.996176
6.28571 2.28571 1.4068e-05 1.40679e-05 1.4068e-05 0.00228685 0.00156379 0.996069
6.28571 2.85714 1.40689e-05 1.4069e-05 1.40689e-05 0.00228701 0.00156379 0.996143
6.28571 3.42857 1.40691e-05 1.40692e-05 1.40691e-05 0.00228712 0.00156406 0.996164
6.28571 4 1.40666e-05 1.40661e-05 1.40665e-05 0.00228674 0.00156359 0.995953
6.28571 4.57143 1.40697e-05 1.40698e-05 1.40697e-05 0.00228776 0.0015637 0.996207
6.28571 5.14286 1.40705e-05 1.40708e-05 1.40706e-05 0.00228983 0.00156413 0.996276
6.28571 5.71429 1.40686e-05 1.40684e-05 1.40686e-05 0.00229596 0.00156386 0.996109
6.28571 6.28571 1.407e-05 1.40695e-05 1.40699e-05 0.00231599 0.00156402 0.996171
6.28571 6.85714 1.40695e-05 1.40679e-05 1.40692e-05 0.00236754 0.00156381 0.995988
6.28571 7.42857 1.40736e-05 1.4071e-05 1.40731e-05 0.00247932 0.00156414 0.996018
6.28571 8 1.40754e-05 1.40707e-05 1.40745e-05 0.00266482 0.00156417 0.995677
6.28571 8.57143 1.4081e-05 1.40747e-05 1.40798e-05 0.0028848 0.00156456 0.995568
6.28571 9.14286 1.4083e-05 1.40754e-05 1.40815e-05 0.00303509 0.0015647 0.995354
6.28571 9.71429 1.40828e-05 1.40752e-05 1.40813e-05 0.00303504 0.00156467 0.995337
6.28571 10.2857 1.40807e-05 1.40743e-05 1.40795e-05 0.00288472 0.00156449 0.995542
6.28571 10.8571 1.40755e-05 1.40707e-05 1.40746e-05 0.00266482 0.00156416 0.995681
6.28571 11.4286 1.4074e-05 1.40714e-05 1.40735e-05 0.0024794 0.0015642 0.996049
6.28571 12 1.40697e-05 1.40682e-05 1.40694e-05 0.0023676 0.00156388 0.996007
6.28571 12.5714 1.40699e-05 1.40694e-05 1.40698e-05 0.00231597 0.00156402 0.99616
6.28571 13.1429 1.40685e-05 1.40682e-05 1.40684e-05 0.00229593 0.00156383 0.996096
6.28571 13.7143 1.40705e-05 1.40708e-05 1.40706e-05 0.00228983 0.00156413 0.996275
6.28571 14.2857 1.40695e-05 1.40697e-05 1.40696e-05 0.00228773 0.0015637 0.996193
6.28571 14.8571 1.40663e-05 1.40658e-05 1.40662e-05 0.00228668 0.00156354 0.995933
6.28571 15.4286 1.40693e-05 1.40695e-05 1.40693e-05 0.00228714 0.00156404 0.996181
6.28571 16 1.40693e-05 1.40694e-05 1.40693e-05 0.00228708 0.00156385 0.996178
6.28571 16.5714 1.40679e-05 1.40677e-05 1.40679e-05 0.00228684 0.00156381 0.99606
6.28571 17.1429 1.40692e-05 1.40693e-05 1.40692e-05 0.00228707 0.00156396 0.996164
6.28571 17.7143 1.4069e-05 1.4069e-05 1.4069e-05 0.00228702 0.00156382 0.99615
6.28571 18.2857 1.40682e-05 1.40681e-05 1.40682e-05 0.00228688 0.00156381 0.996085
6.28571 18.8571 1.40686e-05 1.40686e-05 1.40686e-05 0.00228696 0.00156385 0.996121
6.28571 19.4286 1.4069e-05 1.40691e-05 1.4069e-05 0.00228701 0.0015638 0.996151
6.85714 0 1.40687e-05 1.40688e-05 1.40687e-05 0.00228699 0.00156391 0.996129
6.85714 0.571429 1.40684e-05 1.40683e-05 1.40684e-05 0.0022869 0.00156377 0.9961
6.85714 1.14286 1.40688e-05 1.40688e-05 1.40688e-05 0.00228697 0.0015638 0.996131
6.85714 1.71429 1.40688e-05 1.40688e-05 1.40688e-05 0.002287 0.00156395 0.996131
6.85714 2.28571 1.40679e-05 1.40678e-05 1.40679e-05 0.00228683 0.00156373 0.996062
6.85714 2.85714 1.40693e-05 1.40695e-05 1.40694e-05 0.00228711 0.00156383 0.99618
6.85714 3.42857 1.40691e-05 1.40692e-05 1.40691e-05 0.00228719 0.001564 0.996163
6.85714 4 1.40685e-05 1.40684e-05 1.40685e-05 0.00228749 0.00156376 0.996109
6.85714 4.57143 1.40705e-05 1.40708e-05 1.40706e-05 0.00228979 0.00156406 0.996277
6.85714 5.14286 1.40678e-05 1.40674e-05 1.40677e-05 0.00229689 0.00156392 0.996045
6.85714 5.71429 1.4068e-05 1.40669e-05 1.40678e-05 0.0023238 0.00156367 0.995987
6.85714 6.28571 1.40705e-05 1.40683e-05 1.40701e-05 0.00240853 0.00156385 0.995963
6.85714 6.85714 1.40754e-05 1.40706e-05 1.40745e-05 0.00263467 0.00156391 0.995736
6.85714 7.42857 1.40852e-05 1.40764e-05 1.40836e-05 0.00312999 0.00156461 0.995251
6.85714 8 1.40998e-05 1.40849e-05 1.4097e-05 0.00396859 0.00156594 0.994364
6.85714 8.57143 1.4118e-05 1.40972e-05 1.41142e-05 0.0049695 0.00156884 0.993475
6.85714 9.14286 1.41279e-05 1.4103e-05 1.41233e-05 0.0056537 0.00157046 0.992715
6.85714 9.71429 1.41277e-05 1.41028e-05 1.41231e-05 0.00565362 0.00157042 0.992698
6.85714 10.2857 1.41177e-05 1.40968e-05 1.41138e-05 0.00496938 0.00156877 0.993446
6.85714 10.8571 1.40997e-05 1.40848e-05 1.40969e-05 0.00396857 0.00156592 0.994359
6.85714 11.4286 1.40854e-05 1.40766e-05 1.40838e-05 0.00313004 0.00156466 0.995269
6.85714 12 1.40755e-05 1.40708e-05 1.40746e-05 0.00263471 0.00156395 0.995748
6.85714 12.5714 1.40705e-05 1.40683e-05 1.40701e-05 0.00240853 0.00156384 0.995961
6.85714 13.1429 1.40681e-05 1.4067e-05 1.40678e-05 0.0023238 0.00156366 0.995991
6.85714 13.7143 1.40679e-05 1.40675e-05 1.40678e-05 0.00229691 0.00156395 0.996051
6.85714 14.2857 1.40703e-05 1.40706e-05 1.40704e-05 0.00228975 0.00156406 0.996258
6.85714 14.8571 1.40682e-05 1.40681e-05 1.40682e-05 0.00228743 0.00156371 0.996083
6.85714 15.4286 1.40693e-05 1.40694e-05 1.40693e-05 0.00228721 0.00156398 0.996176
6.85714 16 1.40696e-05 1.40698e-05 1.40696e-05 0.00228715 0.00156387 0.996203
6.85714 16.5714 1.40678e-05 1.40676e-05 1.40677e-05 0.0022868 0.00156371 0.996049
6.85714 17.1429 1.40688e-05 1.40688e-05 1.40688e-05 0.002287 0.00156392 0.996134
6.85714 17.7143 1.40692e-05 1.40693e-05 1.40692e-05 0.00228706 0.00156388 0.996168
6.85714 18.2857 1.40682e-05 1.40681e-05 1.40681e-05 0.00228687 0.00156379 0.996081
6.85714 18.8571 1.40684e-05 1.40684e-05 1.40684e-05 0.00228692 0.00156383 0.996102
6.85714 19.4286 1.4069e-05 1.40691e-05 1.4069e-05 0.00228702 0.00156383 0.996151
7.42857 0 1.40686e-05 1.40685e-05 1.40686e-05 0.00228696 0.0015639 0.996114
7.42857 0.571429 1.40685e-05 1.40685e-05 1.40685e-05 0.00228693 0.00156379 0.996111
7.42857 1.14286 1.40689e-05 1.40689e-05 1.40689e-05 0.002287 0.00156383 0.99614
7.42857 1.71429 1.40685e-05 1.40685e-05 1.40685e-05 0.00228695 0.00156389 0.996109
7.42857 2.28571 1.40684e-05 1.40684e-05 1.40684e-05 0.00228693 0.00156376 0.996105
7.42857 2.85714 1.40698e-05 1.40701e-05 1.40699e-05 0.00228726 0.00156396 0.996221
7.42857 3.42857 1.40681e-05 1.4068e-05 1.40681e-05 0.00228728 0.00156391 0.996079
7.42857 4 1.40675e-05 1.40672e-05 1.40674e-05 0.00228868 0.0015636 0.996027
7.42857 4.57143 1.40696e-05 1.40696e-05 1.40696e-05 0.00229593 0.0015639 0.996191
7.42857 5.14286 1.40683e-05 1.40673e-05 1.40681e-05 0.00232351 0.00156376 0.996015
7.42857 5.71429 1.40716e-05 1.40692e-05 1.40711e-05 0.00242565 0.00156378 0.996001
7.42857 6.28571 1.40795e-05 1.40739e-05 1.40785e-05 0.00275273 0.00156427 0.995763
7.42857 6.85714 1.40962e-05 1.40835e-05 1.40938e-05 0.00364441 0.00156528 0.994825
7.42857 7.42857 1.413e-05 1.41044e-05 1.41253e-05 0.00563302 0.00156929 0.992787
7.42857 8 1.41855e-05 1.41409e-05 1.41774e-05 0.00905187 0.00158136 0.989459
7.42857 8.57143 1.42458e-05 1.41806e-05 1.42341e-05 0.0131638 0.00160334 0.985246
7.42857 9.14286 1.42847e-05 1.42063e-05 1.42707e-05 0.0159668 0.00161813 0.982453
7.42857 9.71429 1.42845e-05 1.42061e-05 1.42706e-05 0.0159667 0.00161809 0.982439
7.42857 10.2857 1.42455e-05 1.41803e-05 1.42338e-05 0.0131636 0.00160328 0.985222
7.42857 10.8571 1.41854e-05 1.41408e-05 1.41774e-05 0.00905183 0.00158135 0.989451
7.42857 11.4286 1.41301e-05 1.41045e-05 1.41254e-05 0.00563305 0.00156932 0.992792
7.42857 12 1.40962e-05 1.40835e-05 1.40938e-05 0.00364441 0.00156529 0.994826
7.42857 12.5714 1.40795e-05 1.40739e-05 1.40784e-05 0.00275272 0.00156425 0.995761
7.42857 13.1429 1.40717e-05 1.40694e-05 1.40713e-05 0.00242567 0.00156377 0.996013
7.42857 13.7143 1.40685e-05 1.40675e-05 1.40683e-05 0.00232355 0.00156379 0.996027
7.42857 14.2857 1.40694e-05 1.40694e-05 1.40694e-05 0.00229591 0.00156391 0.996176
7.42857 14.8571 1.40673e-05 1.40669e-05 1.40672e-05 0.00228864 0.00156357 0.996008
7.42857 15.4286 1.40683e-05 1.40682e-05 1.40683e-05 0.00228731 0.00156391 0.996092
7.42857 16 1.40699e-05 1.40702e-05 1.407e-05 0.00228728 0.00156399 0.996231
7.42857 16.5714 1.40682e-05 1.4068e-05 1.40681e-05 0.00228687 0.00156372 0.996081
7.42857 17.1429 1.40685e-05 1.40685e-05 1.40685e-05 0.00228695 0.00156386 0.996112
7.42857 17.7143 1.40692e-05 1.40693e-05 1.40692e-05 0.00228707 0.0015639 0.99617
7.42857 18.2857 1.40683e-05 1.40682e-05 1.40682e-05 0.00228689 0.00156379 0.996088
7.42857 18.8571 1.40685e-05 1.40684e-05 1.40684e-05 0.00228693 0.00156384 0.996106
7.42857 19.4286 1.40691e-05 1.40692e-05 1.40692e-05 0.00228705 0.00156389 0.996164
8 0 1.40686e-05 1.40685e-05 1.40686e-05 0.00228696 0.0015639 0.996117
8 0.571429 1.40687e-05 1.40688e-05 1.40687e-05 0.00228698 0.00156383 0.996131
8 1.14286 1.4069e-05 1.40691e-05 1.4069e-05 0.00228703 0.00156387 0.996155
8 1.71429 1.40684e-05 1.40684e-05 1.40684e-05 0.00228694 0.00156388 0.996104
8 2.28571 1.40686e-05 1.40685e-05 1.40685e-05 0.00228698 0.00156378 0.996115
8 2.85714 1.40692e-05 1.40693e-05 1.40692e-05 0.0022873 0.00156391 0.996169
8 3.42857 1.40675e-05 1.40672e-05 1.40674e-05 0.00228796 0.00156372 0.996023
8 4 1.40691e-05 1.40691e-05 1.40691e-05 0.00229307 0.00156374 0.996154
8 4.57143 1.40709e-05 1.40707e-05 1.40709e-05 0.00231539 0.00156418 0.996251
8 5.14286 1.40692e-05 1.40668e-05 1.40688e-05 0.00240655 0.00156376 0.995867
8 5.71429 1.40786e-05 1.4073e-05 1.40776e-05 0.00275017 0.00156409 0.995706
8 6.28571 1.40997e-05 1.40854e-05 1.4097e-05 0.0038733 0.00156558 0.994553
8 6.85714 1.41507e-05 1.41171e-05 1.41445e-05 0.00699656 0.00157168 0.991284
8 7.42857 1.42602e-05 1.41896e-05 1.42476e-05 0.0140874 0.00159904 0.984321
8 8 1.44355e-05 1.43078e-05 1.44131e-05 0.0264423 0.00168497 0.971771
8 8.57143 1.46463e-05 1.44608e-05 1.46139e-05 0.0413922 0.00186068 0.95669
8 9.14286 1.47737e-05 1.45499e-05 1.47347e-05 0.051468 0.00197651 0.94647
8 9.71429 1.47736e-05 1.45498e-05 1.47346e-05 0.0514678 0.00197649 0.946462
8 10.2857 1.46462e-05 1.44606e-05 1.46137e-05 0.0413919 0.00186064 0.956675
8 10.8571 1.44355e-05 1.43078e-05 1.44131e-05 0.0264423 0.00168497 0.971766
8 11.4286 1.42602e-05 1.41896e-05 1.42476e-05 0.0140874 0.00159907 0.98432
8 12 1.41506e-05 1.4117e-05 1.41444e-05 0.00699654 0.00157168 0.991277
8 12.5714 1.40997e-05 1.40853e-05 1.4097e-05 0.00387327 0.00156555 0.994549
8 13.1429 1.40788e-05 1.40732e-05 1.40777e-05 0.0027502 0.00156408 0.99572
8 13.7143 1.40694e-05 1.4067e-05 1.40689e-05 0.00240658 0.00156379 0.995882
8 14.2857 1.40708e-05 1.40705e-05 1.40708e-05 0.00231538 0.0015642 0.996242
8 14.8571 1.4069e-05 1.40689e-05 1.4069e-05 0.00229305 0.00156372 0.996146
8 15.4286 1.40677e-05 1.40675e-05 1.40676e-05 0.002288 0.00156375 0.996042
8 16 1.40693e-05 1.40694e-05 1.40693e-05 0.00228731 0.00156394 0.996174
8 16.5714 1.40682e-05 1.40681e-05 1.40682e-05 0.00228691 0.00156373 0.996085
8 17.1429 1.40684e-05 1.40684e-05 1.40684e-05 0.00228693 0.00156384 0.996103
8 17.7143 1.40692e-05 1.40694e-05 1.40693e-05 0.00228707 0.00156391 0.996172
8 18.2857 1.40684e-05 1.40683e-05 1.40684e-05 0.00228691 0.0015638 0.996101
8 18.8571 1.40686e-05 1.40686e-05 1.40686e-05 0.00228696 0.00156385 0.996118
8 19.4286 1.40693e-05 1.40694e-05 1.40693e-05 0.00228709 0.00156392 0.99618
8.57143 0 1.40686e-05 1.40685e-05 1.40686e-05 0.00228696 0.00156389 0.996117
8.57143 0.571429 1.40689e-05 1.40689e-05 1.40689e-05 0.002287 0.00156385 0.996141
8.57143 1.14286 1.40691e-05 1.40691e-05 1.40691e-05 0.00228704 0.00156387 0.996158
8.57143 1.71429 1.40684e-05 1.40683e-05 1.40683e-05 0.00228693 0.00156385 0.996098
8.57143 2.28571 1.40687e-05 1.40687e-05 1.40687e-05 0.00228707 0.00156379 0.996129
8.57143 2.85714 1.40693e-05 1.40695e-05 1.40694e-05 0.00228769 0.00156394 0.996178
8.57143 3.42857 1.40678e-05 1.40676e-05 1.40678e-05 0.00229004 0.00156377 0.996049
8.57143 4 1.40691e-05 1.40688e-05 1.4069e-05 0.00230355 0.00156384 0.99613
8.57143 4.57143 1.40696e-05 1.40682e-05 1.40694e-05 0.00236558 0.00156395 0.996018
8.57143 5.14286 1.40738e-05 1.4069e-05 1.40729e-05 0.00262992 0.00156369 0.995645
8.57143 5.71429 1.40965e-05 1.40844e-05 1.40942e-05 0.00363945 0.00156521 0.994918
8.57143 6.28571 1.41499e-05 1.41176e-05 1.41439e-05 0.00700203 0.00157152 0.991326
8.57143 6.85714 1.42919e-05 1.42127e-05 1.42778e-05 0.0165269 0.00160697 0.981912
8.57143 7.42857 1.45922e-05 1.44187e-05 1.45621e-05 0.0384746 0.00176838 0.959778
8.57143 8 1.5129e-05 1.48262e-05 1.50761e-05 0.0769711 0.00234043 0.920679
8.57143 8.57143 1.58341e-05 1.54331e-05 1.57621e-05 0.122887 0.0036793 0.873439
8.57143 9.14286 1.62378e-05 1.57691e-05 1.61527e-05 0.152782 0.00452269 0.842709
8.57143 9.71429 1.62378e-05 1.5769e-05 1.61526e-05 0.152781 0.00452267 0.842706
8.57143 10.2857 1.58341e-05 1.54331e-05 1.57621e-05 0.122887 0.00367926 0.873435
8.57143 10.8571 1.5129e-05 1.48262e-05 1.50761e-05 0.0769715 0.00234044 0.92068
8.57143 11.4286 1.45922e-05 1.44187e-05 1.45621e-05 0.0384748 0.0017684 0.959777
8.57143 12 1.42918e-05 1.42126e-05 1.42777e-05 0.0165268 0.00160696 0.981902
8.57143 12.5714 1.41498e-05 1.41175e-05 1.41438e-05 0.007002 0.00157149 0.991321
8.57143 13.1429 1.40966e-05 1.40846e-05 1.40944e-05 0.00363948 0.00156519 0.99493
8.57143 13.7143 1.40739e-05 1.40691e-05 1.4073e-05 0.00262995 0.00156371 0.995656
8.57143 14.2857 1.40695e-05 1.4068e-05 1.40693e-05 0.00236557 0.00156395 0.99601
8.57143 14.8571 1.40691e-05 1.40687e-05 1.4069e-05 0.00230355 0.00156383 0.996128
8.57143 15.4286 1.40681e-05 1.40679e-05 1.40681e-05 0.0022901 0.00156382 0.996073
8.57143 16 1.40694e-05 1.40695e-05 1.40694e-05 0.00228771 0.00156398 0.996182
8.57143 16.5714 1.40684e-05 1.40683e-05 1.40684e-05 0.00228701 0.00156375 0.9961
8.57143 17.1429 1.40684e-05 1.40683e-05 1.40683e-05 0.00228692 0.00156381 0.996096
8.57143 17.7143 1.40692e-05 1.40693e-05 1.40692e-05 0.00228707 0.00156391 0.996167
8.57143 18.2857 1.40684e-05 1.40684e-05 1.40684e-05 0.00228692 0.0015638 0.996106
8.57143 18.8571 1.40686e-05 1.40686e-05 1.40686e-05 0.00228696 0.00156385 0.996123
8.57143 19.4286 1.40694e-05 1.40695e-05 1.40694e-05 0.00228711 0.00156393 0.996186
9.14286 0 1.40685e-05 1.40684e-05 1.40684e-05 0.00228694 0.00156387 0.996106
9.14286 0.571429 1.40688e-05 1.40688e-05 1.40688e-05 0.00228699 0.00156383 0.996137
9.14286 1.14286 1.4069e-05 1.40691e-05 1.40691e-05 0.00228704 0.00156387 0.996156
9.14286 1.71429 1.40683e-05 1.40683e-05 1.40683e-05 0.00228695 0.00156384 0.996097
9.14286 2.28571 1.40688e-05 1.40688e-05 1.40688e-05 0.00228721 0.00156382 0.996132
9.14286 2.85714 1.4069e-05 1.4069e-05 1.4069e-05 0.00228838 0.0015639 0.996149
9.14286 3.42857 1.40676e-05 1.40672e-05 1.40675e-05 0.00229425 0.00156369 0.996026
9.14286 4 1.407e-05 1.40694e-05 1.40699e-05 0.00232623 0.00156386 0.996151
9.14286 4.57143 1.40729e-05 1.40703e-05 1.40724e-05 0.00247683 0.0015641 0.995991
9.14286 5.14286 1.40842e-05 1.40758e-05 1.40826e-05 0.00312945 0.00156435 0.995245
9.14286 5.71429 1.41282e-05 1.41052e-05 1.41239e-05 0.00566038 0.00156876 0.992837
9.14286 6.28571 1.42503e-05 1.41869e-05 1.4239e-05 0.0142338 0.00159631 0.984054
9.14286 6.85714 1.45739e-05 1.44131e-05 1.45461e-05 0.03887 0.0017615 0.959367
9.14286 7.42857 1.53233e-05 1.49884e-05 1.52646e-05 0.0959044 0.00259779 0.901417
9.14286 8 1.68712e-05 1.64129e-05 1.67839e-05 0.193005 0.00602652 0.800919
9.14286 8.57143 1.93592e-05 1.90627e-05 1.92921e-05 0.297527 0.0158826 0.686532
9.14286 9.14286 2.06786e-05 2.04667e-05 2.06198e-05 0.358613 0.0215847 0.619841
9.14286 9.71429 2.06786e-05 2.04667e-05 2.06198e-05 0.358613 0.0215846 0.61984
9.14286 10.2857 1.93593e-05 1.90628e-05 1.92921e-05 0.297528 0.0158826 0.686534
9.14286 10.8571 1.68713e-05 1.6413e-05 1.6784e-05 0.193007 0.00602657 0.800924
9.14286 11.4286 1.53233e-05 1.49884e-05 1.52647e-05 0.095905 0.00259783 0.901418
9.14286 12 1.45738e-05 1.4413e-05 1.4546e-05 0.0388701 0.0017615 0.95936
9.14286 12.5714 1.42503e-05 1.41868e-05 1.42389e-05 0.0142338 0.00159628 0.98405
9.14286 13.1429 1.41283e-05 1.41053e-05 1.41241e-05 0.00566042 0.00156876 0.992847
9.14286 13.7143 1.40843e-05 1.40759e-05 1.40827e-05 0.00312946 0.00156436 0.99525
9.14286 14.2857 1.40727e-05 1.40701e-05 1.40722e-05 0.0024768 0.00156408 0.995978
9.14286 14.8571 1.407e-05 1.40694e-05 1.40698e-05 0.00232622 0.00156384 0.996148
9.14286 15.4286 1.40679e-05 1.40675e-05 1.40678e-05 0.00229431 0.00156373 0.99605
9.14286 16 1.4069e-05 1.40691e-05 1.4069e-05 0.0022884 0.00156395 0.996154
9.14286 16.5714 1.40685e-05 1.40685e-05 1.40685e-05 0.00228716 0.00156378 0.996108
9.14286 17.1429 1.40684e-05 1.40683e-05 1.40684e-05 0.00228695 0.00156382 0.996101
9.14286 17.7143 1.40692e-05 1.40693e-05 1.40692e-05 0.00228706 0.00156391 0.996165
9.14286 18.2857 1.40684e-05 1.40683e-05 1.40684e-05 0.00228691 0.00156379 0.996102
9.14286 18.8571 1.40686e-05 1.40685e-05 1.40685e-05 0.00228695 0.00156383 0.996115
9.14286 19.4286 1.40693e-05 1.40694e-05 1.40693e-05 0.00228709 0.00156393 0.996178
9.71429 0 1.40683e-05 1.40682e-05 1.40683e-05 0.0022869 0.00156384 0.996093
9.71429 0.571429 1.40687e-05 1.40687e-05 1.40687e-05 0.00228697 0.00156382 0.996128
9.71429 1.14286 1.40689e-05 1.4069e-05 1.4069e-05 0.00228703 0.00156386 0.996148
9.71429 1.71429 1.40683e-05 1.40682e-05 1.40682e-05 0.00228697 0.00156383 0.996089
9.71429 2.28571 1.40688e-05 1.40688e-05 1.40688e-05 0.00228743 0.00156382 0.996135
9.71429 2.85714 1.40692e-05 1.40693e-05 1.40692e-05 0.00228968 0.00156392 0.996166
9.71429 3.42857 1.40683e-05 1.40678e-05 1.40682e-05 0.00230164 0.00156378 0.996066
9.71429 4 1.40706e-05 1.40694e-05 1.40704e-05 0.00236546 0.00156394 0.996102
9.71429 4.57143 1.40749e-05 1.40704e-05 1.40741e-05 0.00267239 0.00156403 0.995679
9.71429 5.14286 1.40982e-05 1.4085e-05 1.40957e-05 0.00402192 0.00156536 0.994336
9.71429 5.71429 1.41775e-05 1.4141e-05 1.41709e-05 0.00931968 0.00157864 0.989184
9.71429 6.28571 1.44028e-05 1.43007e-05 1.43849e-05 0.027477 0.00167272 0.970701
9.71429 6.85714 1.50269e-05 1.47768e-05 1.49833e-05 0.0799415 0.00229466 0.917864
9.71429 7.42857 1.6654e-05 1.62462e-05 1.65762e-05 0.1981 0.00589038 0.795952
9.71429 8 2.09709e-05 2.10317e-05 2.09598e-05 0.373553 0.0242024 0.602264
9.71429 8.57143 3.0698e-05 3.268e-05 3.10825e-05 0.484461 0.108119 0.407593
9.71429 9.14286 3.51308e-05 3.81002e-05 3.57162e-05 0.529235 0.153248 0.318133
9.71429 9.71429 3.51308e-05 3.81003e-05 3.57163e-05 0.529236 0.153248 0.318133
9.71429 10.2857 3.06982e-05 3.26802e-05 3.10826e-05 0.484463 0.10812 0.407595
9.71429 10.8571 2.0971e-05 2.10318e-05 2.096e-05 0.373556 0.0242026 0.602269
9.71429 11.4286 1.66541e-05 1.62463e-05 1.65762e-05 0.198101 0.00589044 0.795954
9.71429 12 1.50269e-05 1.47767e-05 1.49832e-05 0.0799417 0.00229467 0.91786
9.71429 12.5714 1.44028e-05 1.43006e-05 1.43848e-05 0.027477 0.00167271 0.970698
9.71429 13.1429 1.41775e-05 1.41411e-05 1.41709e-05 0.00931974 0.00157864 0.989191
9.71429 13.7143 1.40982e-05 1.40851e-05 1.40958e-05 0.00402193 0.00156537 0.994337
9.71429 14.2857 1.40747e-05 1.40702e-05 1.40739e-05 0.00267234 0.00156401 0.995661
9.71429 14.8571 1.40705e-05 1.40693e-05 1.40703e-05 0.00236544 0.00156391 0.996095
9.71429 15.4286 1.40685e-05 1.40681e-05 1.40684e-05 0.00230169 0.00156381 0.996087
9.71429 16 1.40693e-05 1.40693e-05 1.40693e-05 0.00228971 0.00156396 0.996172
9.71429 16.5714 1.40686e-05 1.40685e-05 1.40686e-05 0.00228738 0.00156378 0.996116
9.71429 17.1429 1.40684e-05 1.40683e-05 1.40684e-05 0.00228698 0.00156382 0.996101
9.71429 17.7143 1.40691e-05 1.40692e-05 1.40691e-05 0.00228706 0.00156391 0.996162
9.71429 18.2857 1.40683e-05 1.40683e-05 1.40683e-05 0.0022869 0.00156378 0.996096
9.71429 18.8571 1.40684e-05 1.40684e-05 1.40684e-05 0.00228692 0.00156382 0.996105
9.71429 19.4286 1.40692e-05 1.40693e-05 1.40692e-05 0.00228707 0.00156392 0.996167
10.2857 0 1.40683e-05 1.40682e-05 1.40683e-05 0.00228689 0.00156383 0.996089
10.2857 0.571429 1.40687e-05 1.40687e-05 1.40687e-05 0.00228696 0.00156381 0.996125
10.2857 1.14286 1.4069e-05 1.4069e-05 1.4069e-05 0.00228703 0.00156386 0.996148
10.2857 1.71429 1.40683e-05 1.40682e-05 1.40683e-05 0.00228701 0.00156384 0.996091
10.2857 2.28571 1.40688e-05 1.40688e-05 1.40688e-05 0.0022877 0.00156383 0.996134
10.2857 2.85714 1.4069e-05 1.4069e-05 1.4069e-05 0.00229132 0.00156391 0.996149
10.2857 3.42857 1.40681e-05 1.40675e-05 1.4068e-05 0.00231135 0.00156373 0.996037
10.2857 4 1.40716e-05 1.40699e-05 1.40713e-05 0.0024186 0.00156392 0.996063
10.2857 4.57143 1.40802e-05 1.40743e-05 1.40791e-05 0.00293979 0.00156429 0.995498
10.2857 5.14286 1.41151e-05 1.40982e-05 1.4112e-05 0.00524763 0.00156737 0.993175
10.2857 5.71429 1.42289e-05 1.41824e-05 1.42205e-05 0.0143669 0.00159615 0.984041
10.2857 6.28571 1.45591e-05 1.44315e-05 1.45367e-05 0.045755 0.00182523 0.952308
10.2857 6.85714 1.54891e-05 1.52012e-05 1.54374e-05 0.135429 0.00350566 0.861108
10.2857 7.42857 1.82725e-05 1.8035e-05 1.82192e-05 0.321951 0.0148516 0.663065
10.2857 8 2.80243e-05 2.95699e-05 2.83286e-05 0.511222 0.0997681 0.389018
10.2857 8.57143 2.73611e-05 2.83207e-05 2.7549e-05 0.111476 0.854343 0.0339369
10.2857 9.14286 2.0095e-05 1.93528e-05 1.99244e-05 0.0597848 0.928964 0.0110025
10.2857 9.71429 2.00951e-05 1.93528e-05 1.99244e-05 0.0597848 0.928966 0.0110025
10.2857 10.2857 2.73612e-05 2.83208e-05 2.75491e-05 0.111476 0.854347 0.033937
10.2857 10.8571 2.80245e-05 2.95701e-05 2.83288e-05 0.511227 0.0997688 0.389021
10.2857 11.4286 1.82725e-05 1.80351e-05 1.82193e-05 0.321953 0.0148517 0.663067
10.2857 12 1.5489e-05 1.52012e-05 1.54374e-05 0.13543 0.00350568 0.861103
10.2857 12.5714 1.4559e-05 1.44314e-05 1.45367e-05 0.0457551 0.00182523 0.952304
10.2857 13.1429 1.4229e-05 1.41825e-05 1.42206e-05 0.0143669 0.00159616 0.984046
10.2857 13.7143 1.41151e-05 1.40982e-05 1.4112e-05 0.00524764 0.00156738 0.993175
10.2857 14.2857 1.408e-05 1.40741e-05 1.40789e-05 0.00293974 0.00156426 0.99548
10.2857 14.8571 1.40715e-05 1.40698e-05 1.40712e-05 0.00241857 0.00156388 0.996054
10.2857 15.4286 1.40684e-05 1.40678e-05 1.40682e-05 0.00231139 0.00156375 0.996056
10.2857 16 1.40691e-05 1.40691e-05 1.40691e-05 0.00229135 0.00156394 0.996155
10.2857 16.5714 1.40686e-05 1.40685e-05 1.40686e-05 0.00228766 0.00156379 0.996116
10.2857 17.1429 1.40684e-05 1.40684e-05 1.40684e-05 0.00228704 0.00156383 0.996105
10.2857 17.7143 1.40692e-05 1.40693e-05 1.40692e-05 0.00228708 0.00156391 0.996165
10.2857 18.2857 1.40683e-05 1.40682e-05 1.40683e-05 0.00228689 0.00156378 0.996093
10.2857 18.8571 1.40684e-05 1.40683e-05 1.40684e-05 0.00228691 0.00156381 0.9961
10.2857 19.4286 1.40691e-05 1.40692e-05 1.40692e-05 0.00228706 0.00156391 0.996164
10.8571 0 1.40683e-05 1.40683e-05 1.40683e-05 0.00228691 0.00156385 0.996095
10.8571 0.571429 1.40687e-05 1.40688e-05 1.40687e-05 0.00228698 0.00156381 0.99613
10.8571 1.14286 1.4069e-05 1.40691e-05 1.4069e-05 0.00228705 0.00156386 0.996151
10.8571 1.71429 1.40683e-05 1.40682e-05 1.40682e-05 0.00228706 0.00156384 0.99609
10.8571 2.28571 1.40688e-05 1.40688e-05 1.40688e-05 0.00228798 0.00156382 0.996135
10.8571 2.85714 1.40692e-05 1.40692e-05 1.40692e-05 0.00229309 0.00156393 0.996165
10.8571 3.42857 1.40685e-05 1.40678e-05 1.40684e-05 0.00232153 0.00156379 0.996045
10.8571 4 1.4072e-05 1.40697e-05 1.40716e-05 0.00247393 0.00156392 0.995971
10.8571 4.57143 1.40829e-05 1.40758e-05 1.40816e-05 0.00321859 0.00156419 0.995137
10.8571 5.14286 1.41274e-05 1.41092e-05 1.4124e-05 0.00652439 0.0015682 0.991883
10.8571 5.71429 1.42619e-05 1.42147e-05 1.42534e-05 0.0195915 0.00160729 0.97882
10.8571 6.28571 1.46209e-05 1.4489e-05 1.4598e-05 0.0643743 0.00192943 0.9336
10.8571 6.85714 1.55453e-05 1.52323e-05 1.54893e-05 0.189369 0.0043076 0.806408
10.8571 7.42857 1.82552e-05 1.79948e-05 1.81943e-05 0.427085 0.0198473 0.552967
10.8571 8 2.82777e-05 2.99395e-05 2.86097e-05 0.603797 0.130745 0.265482
10.8571 8.57143 2.05604e-05 2.01765e-05 2.0471e-05 0.070041 0.91982 0.010025
10.8571 9.14286 1.49865e-05 1.35405e-05 1.47013e-05 0.0188057 0.979826 0.00133298
10.8571 9.71429 1.49866e-05 1.35406e-05 1.47013e-05 0.0188057 0.979828 0.00133298
10.8571 10.2857 2.05605e-05 2.01766e-05 2.04711e-05 0.0700414 0.919825 0.010025
10.8571 10.8571 2.82779e-05 2.99397e-05 2.86099e-05 0.603801 0.130746 0.265483
10.8571 11.4286 1.82553e-05 1.79949e-05 1.81943e-05 0.427087 0.0198474 0.552967
10.8571 12 1.55452e-05 1.52323e-05 1.54892e-05 0.189369 0.00430761 0.806402
10.8571 12.5714 1.46208e-05 1.44889e-05 1.45979e-05 0.0643741 0.00192942 0.933593
10.8571 13.1429 1.42619e-05 1.42147e-05 1.42534e-05 0.0195916 0.0016073 0.978823
10.8571 13.7143 1.41274e-05 1.41093e-05 1.41241e-05 0.00652442 0.00156821 0.991886
10.8571 14.2857 1.40828e-05 1.40756e-05 1.40814e-05 0.00321856 0.00156417 0.995124
10.8571 14.8571 1.40719e-05 1.40697e-05 1.40715e-05 0.00247391 0.00156388 0.995965
10.8571 15.4286 1.40687e-05 1.4068e-05 1.40686e-05 0.00232158 0.00156382 0.996065
10.8571 16 1.40693e-05 1.40693e-05 1.40693e-05 0.00229311 0.00156397 0.99617
10.8571 16.5714 1.40685e-05 1.40685e-05 1.40685e-05 0.00228793 0.00156378 0.996114
10.8571 17.1429 1.40684e-05 1.40684e-05 1.40684e-05 0.00228707 0.00156382 0.996103
10.8571 17.7143 1.40692e-05 1.40693e-05 1.40692e-05 0.00228709 0.00156391 0.996168
10.8571 18.2857 1.40683e-05 1.40683e-05 1.40683e-05 0.0022869 0.00156378 0.996094
10.8571 18.8571 1.40684e-05 1.40684e-05 1.40684e-05 0.00228692 0.00156382 0.996104
10.8571 19.4286 1.40692e-05 1.40694e-05 1.40693e-05 0.00228708 0.00156392 0.996172
11.4286 0 1.40684e-05 1.40684e-05 1.40684e-05 0.00228693 0.00156387 0.996102
11.4286 0.571429 1.40688e-05 1.40688e-05 1.40688e-05 0.00228699 0.00156382 0.996134
11.4286 1.14286 1.40691e-05 1.40691e-05 1.40691e-05 0.00228707 0.00156387 0.996156
11.4286 1.71429 1.40683e-05 1.40682e-05 1.40683e-05 0.0022871 0.00156386 0.996094
11.4286 2.28571 1.40687e-05 1.40687e-05 1.40687e-05 0.0022882 0.00156381 0.996127
11.4286 2.85714 1.4069e-05 1.40689e-05 1.4069e-05 0.00229451 0.00156389 0.996145
11.4286 3.42857 1.40684e-05 1.40675e-05 1.40682e-05 0.00233011 0.00156373 0.996018
11.4286 4 1.4073e-05 1.40705e-05 1.40725e-05 0.00252129 0.00156389 0.995953
11.4286 4.57143 1.40863e-05 1.4079e-05 1.40849e-05 0.00345723 0.00156421 0.994962
11.4286 5.14286 1.41345e-05 1.41178e-05 1.41314e-05 0.00761436 0.00156813 0.990783
11.4286 5.71429 1.4272e-05 1.42326e-05 1.42648e-05 0.0240329 0.00161043 0.974335
11.4286 6.28571 1.4598e-05 1.44821e-05 1.45781e-05 0.0800295 0.00197503 0.917935
11.4286 6.85714 1.53059e-05 1.49844e-05 1.52493e-05 0.233 0.00468369 0.762333
11.4286 7.42857 1.73493e-05 1.69528e-05 1.72637e-05 0.503281 0.0217467 0.474873
11.4286 8 2.62288e-05 2.74593e-05 2.64725e-05 0.666576 0.135157 0.198256
11.4286 8.57143 2.15237e-05 2.14264e-05 2.15025e-05 0.0788817 0.913977 0.00703324
11.4286 9.14286 1.73701e-05 1.64083e-05 1.71962e-05 0.0160829 0.983242 0.000636812
11.4286 9.71429 1.73701e-05 1.64083e-05 1.71963e-05 0.0160829 0.983244 0.000636813
11.4286 10.2857 2.15238e-05 2.14265e-05 2.15026e-05 0.078882 0.913981 0.00703325
11.4286 10.8571 2.62289e-05 2.74594e-05 2.64726e-05 0.666579 0.135158 0.198256
11.4286 11.4286 1.73493e-05 1.69528e-05 1.72637e-05 0.503282 0.0217468 0.474872
11.4286 12 1.53058e-05 1.49843e-05 1.52492e-05 0.233 0.00468368 0.762326
11.4286 12.5714 1.45979e-05 1.4482e-05 1.4578e-05 0.0800291 0.001975 0.917926
11.4286 13.1429 1.4272e-05 1.42326e-05 1.42648e-05 0.0240329 0.00161043 0.974337
11.4286 13.7143 1.41346e-05 1.41179e-05 1.41315e-05 0.0076144 0.00156815 0.990791
11.4286 14.2857 1.40862e-05 1.40789e-05 1.40849e-05 0.00345722 0.0015642 0.994957
11.4286 14.8571 1.40729e-05 1.40704e-05 1.40725e-05 0.00252128 0.00156387 0.995949
11.4286 15.4286 1.40686e-05 1.40677e-05 1.40684e-05 0.00233015 0.00156376 0.996037
11.4286 16 1.4069e-05 1.4069e-05 1.4069e-05 0.00229453 0.00156393 0.996148
11.4286 16.5714 1.40684e-05 1.40683e-05 1.40684e-05 0.00228813 0.00156377 0.9961
11.4286 17.1429 1.40684e-05 1.40683e-05 1.40684e-05 0.00228711 0.00156383 0.996102
11.4286 17.7143 1.40693e-05 1.40694e-05 1.40693e-05 0.00228711 0.00156392 0.996175
11.4286 18.2857 1.40683e-05 1.40683e-05 1.40683e-05 0.0022869 0.00156378 0.996097
11.4286 18.8571 1.40685e-05 1.40684e-05 1.40685e-05 0.00228694 0.00156383 0.996109
11.4286 19.4286 1.40693e-05 1.40695e-05 1.40694e-05 0.00228711 0.00156394 0.996183
12 0 1.40684e-05 1.40684e-05 1.40684e-05 0.00228694 0.00156389 0.996104
12 0.571429 1.40687e-05 1.40688e-05 1.40688e-05 0.00228698 0.00156382 0.996131
12 1.14286 1.4069e-05 1.40691e-05 1.4069e-05 0.00228706 0.00156386 0.996154
12 1.71429 1.40683e-05 1.40683e-05 1.40683e-05 0.00228713 0.00156387 0.996096
12 2.28571 1.40688e-05 1.40688e-05 1.40688e-05 0.00228837 0.00156381 0.996133
12 2.85714 1.40692e-05 1.40692e-05 1.40692e-05 0.0022956 0.00156391 0.996162
12 3.42857 1.40683e-05 1.40673e-05 1.40682e-05 0.00233635 0.00156375 0.996006
12 4 1.40727e-05 1.40699e-05 1.40722e-05 0.00255571 0.00156379 0.995865
12 4.57143 1.40873e-05 1.40801e-05 1.4086e-05 0.00363202 0.00156394 0.994753
12 5.14286 1.41382e-05 1.41242e-05 1.41356e-05 0.00841541 0.0015675 0.99001
12 5.71429 1.42703e-05 1.42425e-05 1.42651e-05 0.0272933 0.00160929 0.971085
12 6.28571 1.45413e-05 1.44505e-05 1.4526e-05 0.0914396 0.0019856 0.906532
12 6.85714 1.49992e-05 1.46849e-05 1.49449e-05 0.263884 0.00480772 0.731351
12 7.42857 1.63797e-05 1.58504e-05 1.62717e-05 0.55269 0.0220946 0.425136
12 8 2.42887e-05 2.50368e-05 2.44353e-05 0.706571 0.130772 0.162639
12 8.57143 2.40076e-05 2.44312e-05 2.40867e-05 0.0924713 0.901279 0.00618681
12 9.14286 2.09209e-05 2.05597e-05 2.08562e-05 0.0187992 0.980622 0.000533181
12 9.71429 2.09208e-05 2.05597e-05 2.08562e-05 0.0187992 0.980623 0.000533181
12 10.2857 2.40076e-05 2.44312e-05 2.40867e-05 0.0924714 0.90128 0.00618682
12 10.8571 2.42887e-05 2.50368e-05 2.44353e-05 0.706571 0.130772 0.162638
12 11.4286 1.63797e-05 1.58504e-05 1.62717e-05 0.55269 0.0220946 0.425135
12 12 1.49992e-05 1.46848e-05 1.49448e-05 0.263883 0.0048077 0.731346
12 12.5714 1.45412e-05 1.44504e-05 1.45258e-05 0.0914389 0.00198557 0.906522
12 13.1429 1.42704e-05 1.42425e-05 1.42651e-05 0.0272932 0.00160929 0.971088
12 13.7143 1.41384e-05 1.41244e-05 1.41357e-05 0.00841547 0.00156753 0.990023
12 14.2857 1.40873e-05 1.40801e-05 1.4086e-05 0.00363202 0.00156395 0.994752
12 14.8571 1.40726e-05 1.40698e-05 1.40721e-05 0.00255569 0.00156377 0.995859
12 15.4286 1.40685e-05 1.40675e-05 1.40683e-05 0.00233639 0.00156378 0.996022
12 16 1.40692e-05 1.40692e-05 1.40692e-05 0.00229562 0.00156396 0.996163
12 16.5714 1.40684e-05 1.40683e-05 1.40684e-05 0.0022883 0.00156376 0.9961
12 17.1429 1.40684e-05 1.40683e-05 1.40684e-05 0.00228713 0.00156382 0.996102
12 17.7143 1.40693e-05 1.40695e-05 1.40693e-05 0.00228712 0.00156391 0.996179
12 18.2857 1.40683e-05 1.40682e-05 1.40683e-05 0.0022869 0.00156378 0.996094
12 18.8571 1.40685e-05 1.40684e-05 1.40685e-05 0.00228694 0.00156384 0.996108
12 19.4286 1.40694e-05 1.40695e-05 1.40694e-05 0.00228712 0.00156395 0.996187
12.5714 0 1.40685e-05 1.40684e-05 1.40684e-05 0.00228694 0.00156389 0.996105
12.5714 0.571429 1.40687e-05 1.40687e-05 1.40687e-05 0.00228697 0.00156381 0.996125
12.5714 1.14286 1.4069e-05 1.4069e-05 1.4069e-05 0.00228706 0.00156385 0.996151
12.5714 1.71429 1.40684e-05 1.40683e-05 1.40683e-05 0.00228715 0.00156388 0.996098
12.5714 2.28571 1.40686e-05 1.40686e-05 1.40686e-05 0.00228845 0.00156379 0.996122
12.5714 2.85714 1.40691e-05 1.40691e-05 1.40691e-05 0.00229626 0.00156388 0.996157
12.5714 3.42857 1.40687e-05 1.40677e-05 1.40685e-05 0.00234041 0.00156376 0.996028
12.5714 4 1.40735e-05 1.40706e-05 1.4073e-05 0.00257807 0.00156385 0.995888
12.5714 4.57143 1.40881e-05 1.40811e-05 1.40868e-05 0.00374532 0.00156385 0.994639
12.5714 5.14286 1.41391e-05 1.41276e-05 1.41368e-05 0.00893572 0.00156678 0.989451
12.5714 5.71429 1.42652e-05 1.42481e-05 1.42618e-05 0.0294143 0.00160695 0.968977
12.5714 6.28571 1.44875e-05 1.4421e-05 1.44764e-05 0.0988298 0.00198225 0.899133
12.5714 6.85714 1.47497e-05 1.44497e-05 1.46984e-05 0.283467 0.00482194 0.711731
12.5714 7.42857 1.56683e-05 1.50484e-05 1.55454e-05 0.582154 0.0219088 0.395835
12.5714 8 2.30143e-05 2.33897e-05 2.30884e-05 0.730325 0.125657 0.143949
12.5714 8.57143 2.62136e-05 2.69821e-05 2.63584e-05 0.102913 0.891203 0.00582109
12.5714 9.14286 2.3668e-05 2.36415e-05 2.36587e-05 0.0213805 0.978086 0.000504706
12.5714 9.71429 2.3668e-05 2.36414e-05 2.36587e-05 0.0213805 0.978085 0.000504706
12.5714 10.2857 2.62135e-05 2.6982e-05 2.63583e-05 0.102913 0.891201 0.00582108
12.5714 10.8571 2.30143e-05 2.33896e-05 2.30884e-05 0.730322 0.125657 0.143949
12.5714 11.4286 1.56683e-05 1.50484e-05 1.55454e-05 0.582154 0.0219088 0.395835
12.5714 12 1.47497e-05 1.44497e-05 1.46984e-05 0.283466 0.00482193 0.71173
12.5714 12.5714 1.44874e-05 1.44209e-05 1.44763e-05 0.0988292 0.00198222 0.899126
12.5714 13.1429 1.42652e-05 1.42482e-05 1.42618e-05 0.0294142 0.00160694 0.96898
12.5714 13.7143 1.41393e-05 1.41278e-05 1.4137e-05 0.00893579 0.00156681 0.989466
12.5714 14.2857 1.40881e-05 1.40811e-05 1.40868e-05 0.00374532 0.00156387 0.994639
12.5714 14.8571 1.40733e-05 1.40705e-05 1.40728e-05 0.00257804 0.00156382 0.995877
12.5714 15.4286 1.40688e-05 1.40678e-05 1.40686e-05 0.00234044 0.00156378 0.996039
12.5714 16 1.40692e-05 1.40691e-05 1.40692e-05 0.00229628 0.00156393 0.996159
12.5714 16.5714 1.40683e-05 1.40682e-05 1.40682e-05 0.00228838 0.00156374 0.99609
12.5714 17.1429 1.40684e-05 1.40684e-05 1.40684e-05 0.00228716 0.00156383 0.996106
12.5714 17.7143 1.40694e-05 1.40695e-05 1.40694e-05 0.00228713 0.00156391 0.996185
12.5714 18.2857 1.40683e-05 1.40682e-05 1.40682e-05 0.00228689 0.00156378 0.996089
12.5714 18.8571 1.40684e-05 1.40683e-05 1.40684e-05 0.00228692 0.00156383 0.996102
12.5714 19.4286 1.40693e-05 1.40695e-05 1.40694e-05 0.0022871 0.00156393 0.996182
13.1429 0 1.40685e-05 1.40685e-05 1.40685e-05 0.00228695 0.0015639 0.996113
13.1429 0.571429 1.40686e-05 1.40686e-05 1.40686e-05 0.00228695 0.00156379 0.996121
13.1429 1.14286 1.40689e-05 1.4069e-05 1.40689e-05 0.00228704 0.00156383 0.996146
13.1429 1.71429 1.40685e-05 1.40684e-05 1.40685e-05 0.00228719 0.0015639 0.996108
13.1429 2.28571 1.40687e-05 1.40687e-05 1.40687e-05 0.00228853 0.00156382 0.996128
13.1429 2.85714 1.40691e-05 1.4069e-05 1.40691e-05 0.00229663 0.0015639 0.996153
13.1429 3.42857 1.40683e-05 1.40672e-05 1.40681e-05 0.00234265 0.00156374 0.996001
13.1429 4 1.40734e-05 1.40704e-05 1.40728e-05 0.00259096 0.00156378 0.995862
13.1429 4.57143 1.4089e-05 1.40821e-05 1.40877e-05 0.00381172 0.00156378 0.994607
13.1429 5.14286 1.41397e-05 1.41301e-05 1.41377e-05 0.0092418 0.00156631 0.989153
13.1429 5.71429 1.42604e-05 1.42513e-05 1.42583e-05 0.030664 0.00160487 0.967716
13.1429 6.28571 1.445e-05 1.4402e-05 1.44421e-05 0.103183 0.00197616 0.894795
13.1429 6.85714 1.45865e-05 1.4301e-05 1.45381e-05 0.294876 0.00480494 0.700381
13.1429 7.42857 1.52303e-05 1.45585e-05 1.5099e-05 0.598713 0.0216545 0.379576
13.1429 8 2.22942e-05 2.2429e-05 2.23224e-05 0.743715 0.121993 0.134232
13.1429 8.57143 2.7761e-05 2.87053e-05 2.7941e-05 0.109583 0.884711 0.00564369
13.1429 9.14286 2.54077e-05 2.54964e-05 2.54163e-05 0.0230298 0.976401 0.000492171
13.1429 9.71429 2.54077e-05 2.54963e-05 2.54162e-05 0.0230298 0.9764 0.000492171
13.1429 10.2857 2.77608e-05 2.87051e-05 2.79408e-05 0.109583 0.884707 0.00564369
13.1429 10.8571 2.22941e-05 2.24289e-05 2.23223e-05 0.74371 0.121993 0.134233
13.1429 11.4286 1.52304e-05 1.45586e-05 1.50991e-05 0.598713 0.0216545 0.379579
13.1429 12 1.45866e-05 1.43011e-05 1.45382e-05 0.294877 0.00480495 0.700385
13.1429 12.5714 1.44499e-05 1.44019e-05 1.44421e-05 0.103183 0.00197614 0.894791
13.1429 13.1429 1.42604e-05 1.42513e-05 1.42583e-05 0.0306639 0.00160487 0.967717
13.1429 13.7143 1.41398e-05 1.41302e-05 1.41379e-05 0.00924187 0.00156634 0.989167
13.1429 14.2857 1.40889e-05 1.40821e-05 1.40877e-05 0.00381171 0.00156379 0.994605
13.1429 14.8571 1.40732e-05 1.40702e-05 1.40726e-05 0.00259092 0.00156373 0.995845
13.1429 15.4286 1.40684e-05 1.40674e-05 1.40682e-05 0.00234268 0.00156374 0.99601
13.1429 16 1.40692e-05 1.40691e-05 1.40692e-05 0.00229666 0.00156395 0.996162
13.1429 16.5714 1.40684e-05 1.40683e-05 1.40684e-05 0.00228847 0.00156378 0.996101
13.1429 17.1429 1.40686e-05 1.40686e-05 1.40686e-05 0.00228719 0.00156386 0.996118
13.1429 17.7143 1.40694e-05 1.40696e-05 1.40694e-05 0.00228714 0.00156391 0.996187
13.1429 18.2857 1.40682e-05 1.40681e-05 1.40682e-05 0.00228688 0.00156377 0.996084
13.1429 18.8571 1.40684e-05 1.40683e-05 1.40684e-05 0.00228691 0.00156382 0.996098
13.1429 19.4286 1.40693e-05 1.40694e-05 1.40693e-05 0.00228709 0.00156391 0.996178
13.7143 0 1.40688e-05 1.40688e-05 1.40688e-05 0.00228699 0.00156392 0.996131
13.7143 0.571429 1.40687e-05 1.40687e-05 1.40687e-05 0.00228696 0.00156379 0.996124
13.7143 1.14286 1.40689e-05 1.40689e-05 1.40689e-05 0.00228703 0.00156382 0.99614
13.7143 1.71429 1.40685e-05 1.40684e-05 1.40684e-05 0.00228719 0.0015639 0.996106
13.7143 2.28571 1.40686e-05 1.40686e-05 1.40686e-05 0.00228854 0.00156379 0.99612
13.7143 2.85714 1.40692e-05 1.40691e-05 1.40692e-05 0.00229685 0.0015639 0.996162
13.7143 3.42857 1.40687e-05 1.40676e-05 1.40685e-05 0.00234394 0.00156381 0.996027
13.7143 4 1.40732e-05 1.40701e-05 1.40726e-05 0.00259784 0.00156378 0.995837
13.7143 4.57143 1.40888e-05 1.4082e-05 1.40876e-05 0.00384744 0.00156366 0.994543
13.7143 5.14286 1.41402e-05 1.41318e-05 1.41385e-05 0.00940836 0.00156603 0.989017
13.7143 5.71429 1.42574e-05 1.42533e-05 1.42562e-05 0.0313459 0.00160356 0.967037
13.7143 6.28571 1.44265e-05 1.43905e-05 1.44207e-05 0.105557 0.00197124 0.892358
13.7143 6.85714 1.44908e-05 1.4216e-05 1.44444e-05 0.301076 0.00478639 0.694149
13.7143 7.42857 1.49852e-05 1.42858e-05 1.48495e-05 0.607571 0.0214665 0.370909
13.7143 8 2.19175e-05 2.19119e-05 2.1919e-05 0.75093 0.119783 0.12923
13.7143 8.57143 2.87244e-05 2.97523e-05 2.89219e-05 0.113458 0.880946 0.00555608
13.7143 9.14286 2.64191e-05 2.65325e-05 2.64309e-05 0.0239663 0.97547 0.000485843
13.7143 9.71429 2.6419e-05 2.65324e-05 2.64308e-05 0.0239662 0.975468 0.000485844
13.7143 10.2857 2.87242e-05 2.97521e-05 2.89217e-05 0.113457 0.880942 0.00555609
13.7143 10.8571 2.19174e-05 2.19118e-05 2.19189e-05 0.750925 0.119782 0.129231
13.7143 11.4286 1.49853e-05 1.42859e-05 1.48496e-05 0.607572 0.0214666 0.370915
13.7143 12 1.44909e-05 1.42162e-05 1.44446e-05 0.301078 0.00478643 0.694157
13.7143 12.5714 1.44264e-05 1.43904e-05 1.44207e-05 0.105557 0.00197123 0.892352
13.7143 13.1429 1.42573e-05 1.42532e-05 1.42561e-05 0.0313457 0.00160355 0.967033
13.7143 13.7143 1.41403e-05 1.4132e-05 1.41386e-05 0.00940841 0.00156606 0.98903
13.7143 14.2857 1.40888e-05 1.4082e-05 1.40876e-05 0.00384744 0.00156367 0.994543
13.7143 14.8571 1.40729e-05 1.40699e-05 1.40724e-05 0.00259779 0.00156373 0.995819
13.7143 15.4286 1.40688e-05 1.40678e-05 1.40686e-05 0.00234396 0.0015638 0.996038
13.7143 16 1.40694e-05 1.40693e-05 1.40694e-05 0.0022969 0.00156397 0.996178
13.7143 16.5714 1.40683e-05 1.40682e-05 1.40683e-05 0.00228849 0.00156378 0.996095
13.7143 17.1429 1.40685e-05 1.40685e-05 1.40685e-05 0.00228719 0.00156385 0.996113
13.7143 17.7143 1.40694e-05 1.40695e-05 1.40694e-05 0.00228712 0.0015639 0.996182
13.7143 18.2857 1.40682e-05 1.40681e-05 1.40682e-05 0.00228688 0.00156378 0.996085
13.7143 18.8571 1.40684e-05 1.40684e-05 1.40684e-05 0.00228692 0.00156383 0.996103
13.7143 19.4286 1.40693e-05 1.40695e-05 1.40694e-05 0.00228709 0.00156389 0.99618
14.2857 0 1.40689e-05 1.40689e-05 1.40689e-05 0.00228702 0.00156394 0.996142
14.2857 0.571429 1.40687e-05 1.40687e-05 1.40687e-05 0.00228696 0.0015638 0.996124
14.2857 1.14286 1.40688e-05 1.40688e-05 1.40688e-05 0.00228702 0.00156382 0.996136
14.2857 1.71429 1.40686e-05 1.40685e-05 1.40686e-05 0.0022872 0.00156391 0.996114
14.2857 2.28571 1.40684e-05 1.40684e-05 1.40684e-05 0.00228852 0.00156378 0.996108
14.2857 2.85714 1.40687e-05 1.40686e-05 1.40687e-05 0.00229685 0.00156383 0.996125
14.2857 3.42857 1.40688e-05 1.40678e-05 1.40686e-05 0.00234456 0.00156378 0.996038
14.2857 4 1.40736e-05 1.40707e-05 1.40731e-05 0.00260143 0.00156385 0.995872
14.2857 4.57143 1.40885e-05 1.40816e-05 1.40872e-05 0.00386562 0.0015636 0.994492
14.2857 5.14286 1.41401e-05 1.41324e-05 1.41386e-05 0.009494 0.00156578 0.988925
14.2857 5.71429 1.42566e-05 1.42557e-05 1.4256e-05 0.0317008 0.00160286 0.966762
14.2857 6.28571 1.44147e-05 1.43859e-05 1.44101e-05 0.106797 0.00196838 0.891165
14.2857 6.85714 1.44393e-05 1.41714e-05 1.43942e-05 0.304304 0.00477417 0.690918
14.2857 7.42857 1.48556e-05 1.41419e-05 1.47175e-05 0.612135 0.0213536 0.366424
14.2857 8 2.17285e-05 2.16455e-05 2.17153e-05 0.754681 0.118563 0.126683
14.2857 8.57143 2.92788e-05 3.03457e-05 2.94847e-05 0.115575 0.878865 0.0055127
14.2857 9.14286 2.69788e-05 2.70913e-05 2.69898e-05 0.02447 0.974988 0.000482604
14.2857 9.71429 2.69787e-05 2.70912e-05 2.69897e-05 0.0244699 0.974986 0.000482606
14.2857 10.2857 2.92786e-05 3.03455e-05 2.94846e-05 0.115574 0.878862 0.00551272
14.2857 10.8571 2.17285e-05 2.16455e-05 2.17152e-05 0.754677 0.118563 0.126684
14.2857 11.4286 1.48558e-05 1.4142e-05 1.47177e-05 0.612138 0.0213538 0.366431
14.2857 12 1.44395e-05 1.41716e-05 1.43944e-05 0.304306 0.00477422 0.690928
14.2857 12.5714 1.44145e-05 1.43857e-05 1.441e-05 0.106796 0.00196837 0.891155
14.2857 13.1429 1.42565e-05 1.42555e-05 1.42558e-05 0.0317005 0.00160284 0.966751
14.2857 13.7143 1.41403e-05 1.41326e-05 1.41387e-05 0.00949404 0.0015658 0.988937
14.2857 14.2857 1.40885e-05 1.40817e-05 1.40873e-05 0.00386563 0.00156362 0.994497
14.2857 14.8571 1.40734e-05 1.40704e-05 1.40729e-05 0.00260138 0.0015638 0.995855
14.2857 15.4286 1.40689e-05 1.40679e-05 1.40687e-05 0.00234458 0.00156377 0.996048
14.2857 16 1.4069e-05 1.40689e-05 1.4069e-05 0.00229692 0.0015639 0.996145
14.2857 16.5714 1.40682e-05 1.4068e-05 1.40681e-05 0.00228847 0.00156378 0.996083
14.2857 17.1429 1.40685e-05 1.40685e-05 1.40685e-05 0.00228719 0.00156385 0.996112
14.2857 17.7143 1.40693e-05 1.40694e-05 1.40693e-05 0.00228711 0.00156388 0.996176
14.2857 18.2857 1.40683e-05 1.40682e-05 1.40682e-05 0.00228689 0.00156379 0.996089
14.2857 18.8571 1.40685e-05 1.40685e-05 1.40685e-05 0.00228694 0.00156384 0.99611
14.2857 19.4286 1.40693e-05 1.40695e-05 1.40694e-05 0.00228709 0.00156389 0.99618
14.8571 0 1.40688e-05 1.40689e-05 1.40688e-05 0.00228701 0.00156394 0.996138
14.8571 0.571429 1.40686e-05 1.40685e-05 1.40686e-05 0.00228695 0.0015638 0.996115
14.8571 1.14286 1.40687e-05 1.40687e-05 1.40687e-05 0.002287 0.00156381 0.996123
14.8571 1.71429 1.40687e-05 1.40687e-05 1.40687e-05 0.00228722 0.0015639 0.996123
14.8571 2.28571 1.40688e-05 1.40688e-05 1.40688e-05 0.00228859 0.00156382 0.996136
14.8571 2.85714 1.40686e-05 1.40684e-05 1.40686e-05 0.00229688 0.00156384 0.996116
14.8571 3.42857 1.40684e-05 1.40673e-05 1.40682e-05 0.00234477 0.0015637 0.996006
14.8571 4 1.4074e-05 1.40711e-05 1.40735e-05 0.0026032 0.00156386 0.995903
14.8571 4.57143 1.40887e-05 1.40819e-05 1.40874e-05 0.00387465 0.00156367 0.994496
14.8571 5.14286 1.41392e-05 1.41317e-05 1.41377e-05 0.00953606 0.0015656 0.988811
14.8571 5.71429 1.42553e-05 1.42558e-05 1.42549e-05 0.0318772 0.00160231 0.966555
14.8571 6.28571 1.44086e-05 1.43838e-05 1.44048e-05 0.107423 0.0019667 0.890571
14.8571 6.85714 1.44135e-05 1.41497e-05 1.43692e-05 0.305952 0.00476736 0.689327
14.8571 7.42857 1.47901e-05 1.40691e-05 1.46508e-05 0.614464 0.0212929 0.36417
14.8571 8 2.16367e-05 2.15125e-05 2.16156e-05 0.756619 0.117926 0.125406
14.8571 8.57143 2.95812e-05 3.06656e-05 2.9791e-05 0.116689 0.877756 0.00549141
14.8571 9.14286 2.72769e-05 2.73839e-05 2.72866e-05 0.0247322 0.974711 0.000480966
14.8571 9.71429 2.72769e-05 2.73838e-05 2.72866e-05 0.0247322 0.97471 0.000480968
14.8571 10.2857 2.9581e-05 3.06655e-05 2.97909e-05 0.116688 0.877754 0.00549144
14.8571 10.8571 2.16366e-05 2.15124e-05 2.16155e-05 0.756615 0.117926 0.125407
14.8571 11.4286 1.47903e-05 1.40692e-05 1.4651e-05 0.614467 0.021293 0.364177
14.8571 12 1.44137e-05 1.41499e-05 1.43693e-05 0.305955 0.00476741 0.689335
14.8571 12.5714 1.44084e-05 1.43836e-05 1.44046e-05 0.107422 0.00196668 0.890556
14.8571 13.1429 1.42551e-05 1.42556e-05 1.42547e-05 0.0318768 0.00160227 0.966538
14.8571 13.7143 1.41394e-05 1.41319e-05 1.41379e-05 0.0095361 0.00156562 0.988826
14.8571 14.2857 1.40888e-05 1.40821e-05 1.40876e-05 0.00387468 0.00156369 0.994509
14.8571 14.8571 1.40739e-05 1.40709e-05 1.40733e-05 0.00260316 0.00156382 0.995889
14.8571 15.4286 1.40685e-05 1.40673e-05 1.40683e-05 0.00234478 0.00156369 0.996011
14.8571 16 1.40688e-05 1.40687e-05 1.40688e-05 0.00229694 0.00156392 0.996133
14.8571 16.5714 1.40685e-05 1.40684e-05 1.40685e-05 0.00228854 0.00156382 0.996109
14.8571 17.1429 1.40685e-05 1.40685e-05 1.40685e-05 0.00228718 0.00156382 0.996113
14.8571 17.7143 1.40691e-05 1.40692e-05 1.40692e-05 0.00228708 0.00156385 0.996163
14.8571 18.2857 1.40683e-05 1.40682e-05 1.40683e-05 0.0022869 0.00156381 0.996093
14.8571 18.8571 1.40685e-05 1.40685e-05 1.40685e-05 0.00228694 0.00156386 0.99611
14.8571 19.4286 1.40692e-05 1.40693e-05 1.40692e-05 0.00228707 0.00156389 0.99617
15.4286 0 1.40687e-05 1.40688e-05 1.40687e-05 0.00228699 0.0015639 0.996129
15.4286 0.571429 1.40686e-05 1.40685e-05 1.40686e-05 0.00228695 0.0015638 0.996114
15.4286 1.14286 1.40686e-05 1.40686e-05 1.40686e-05 0.00228699 0.00156383 0.99612
15.4286 1.71429 1.40685e-05 1.40684e-05 1.40685e-05 0.00228719 0.00156386 0.996107
15.4286 2.28571 1.4069e-05 1.40691e-05 1.4069e-05 0.00228863 0.00156382 0.996154
15.4286 2.85714 1.40691e-05 1.4069e-05 1.4069e-05 0.00229699 0.00156392 0.996152
15.4286 3.42857 1.40681e-05 1.40669e-05 1.40679e-05 0.00234486 0.0015637 0.995982
15.4286 4 1.40738e-05 1.40709e-05 1.40733e-05 0.00260397 0.00156378 0.995887
15.4286 4.57143 1.40894e-05 1.40828e-05 1.40882e-05 0.0038792 0.00156374 0.994551
15.4286 5.14286 1.41395e-05 1.41322e-05 1.4138e-05 0.00955693 0.00156567 0.988814
15.4286 5.71429 1.42543e-05 1.42555e-05 1.4254e-05 0.031963 0.00160208 0.966427
15.4286 6.28571 1.44047e-05 1.43818e-05 1.44012e-05 0.107727 0.00196573 0.890217
15.4286 6.85714 1.44001e-05 1.41383e-05 1.43561e-05 0.306763 0.00476355 0.688506
15.4286 7.42857 1.47572e-05 1.40324e-05 1.46173e-05 0.615618 0.021261 0.363036
15.4286 8 2.15923e-05 2.14466e-05 2.15671e-05 0.757598 0.117601 0.124769
15.4286 8.57143 2.97404e-05 3.08326e-05 2.9952e-05 0.117261 0.877184 0.00548097
15.4286 9.14286 2.74319e-05 2.75341e-05 2.74405e-05 0.0248664 0.974567 0.00048015
15.4286 9.71429 2.74318e-05 2.7534e-05 2.74405e-05 0.0248664 0.974566 0.000480152
15.4286 10.2857 2.97402e-05 3.08324e-05 2.99519e-05 0.11726 0.877182 0.005481
15.4286 10.8571 2.15922e-05 2.14465e-05 2.15671e-05 0.757594 0.117601 0.12477
15.4286 11.4286 1.47574e-05 1.40325e-05 1.46174e-05 0.615621 0.0212611 0.363043
15.4286 12 1.44002e-05 1.41385e-05 1.43563e-05 0.306766 0.0047636 0.688514
15.4286 12.5714 1.44045e-05 1.43815e-05 1.4401e-05 0.107727 0.0019657 0.8902
15.4286 13.1429 1.42541e-05 1.42552e-05 1.42538e-05 0.0319625 0.00160204 0.966408
15.4286 13.7143 1.41397e-05 1.41325e-05 1.41382e-05 0.00955698 0.00156569 0.988832
15.4286 14.2857 1.40896e-05 1.4083e-05 1.40884e-05 0.00387925 0.00156378 0.994572
15.4286 14.8571 1.40737e-05 1.40707e-05 1.40732e-05 0.00260394 0.00156375 0.995873
15.4286 15.4286 1.40681e-05 1.40669e-05 1.40678e-05 0.00234485 0.00156367 0.995978
15.4286 16 1.40692e-05 1.40692e-05 1.40692e-05 0.00229703 0.00156398 0.996165
15.4286 16.5714 1.40687e-05 1.40687e-05 1.40687e-05 0.00228858 0.00156381 0.996129
15.4286 17.1429 1.40683e-05 1.40683e-05 1.40683e-05 0.00228715 0.00156379 0.996097
15.4286 17.7143 1.40691e-05 1.40692e-05 1.40691e-05 0.00228708 0.00156386 0.996161
15.4286 18.2857 1.40684e-05 1.40684e-05 1.40684e-05 0.00228693 0.00156382 0.996105
15.4286 18.8571 1.40685e-05 1.40684e-05 1.40685e-05 0.00228694 0.00156385 0.996106
15.4286 19.4286 1.4069e-05 1.40691e-05 1.4069e-05 0.00228703 0.00156387 0.996152
16 0 1.40686e-05 1.40686e-05 1.40686e-05 0.00228696 0.00156386 0.99612
16 0.571429 1.40687e-05 1.40687e-05 1.40687e-05 0.00228697 0.0015638 0.996125
16 1.14286 1.40689e-05 1.4069e-05 1.40689e-05 0.00228705 0.00156388 0.996143
16 1.71429 1.40683e-05 1.40682e-05 1.40683e-05 0.00228716 0.00156387 0.996094
16 2.28571 1.40687e-05 1.40687e-05 1.40687e-05 0.00228858 0.00156378 0.99613
16 2.85714 1.40694e-05 1.40693e-05 1.40694e-05 0.00229706 0.00156396 0.996178
16 3.42857 1.40682e-05 1.4067e-05 1.4068e-05 0.00234494 0.00156375 0.995988
16 4 1.40731e-05 1.407e-05 1.40726e-05 0.00260421 0.00156369 0.995826
16 4.57143 1.40891e-05 1.40825e-05 1.40879e-05 0.00388124 0.00156362 0.994527
16 5.14286 1.41401e-05 1.4133e-05 1.41386e-05 0.00956739 0.00156567 0.98885
16 5.71429 1.42546e-05 1.42563e-05 1.42544e-05 0.0320064 0.00160206 0.966429
16 6.28571 1.44032e-05 1.43813e-05 1.43998e-05 0.107879 0.00196533 0.890074
16 6.85714 1.43935e-05 1.41328e-05 1.43497e-05 0.307165 0.00476171 0.688107
16 7.42857 1.47409e-05 1.4014e-05 1.46006e-05 0.616186 0.0212449 0.362472
16 8 2.15709e-05 2.14141e-05 2.15436e-05 0.758086 0.117438 0.124452
16 8.57143 2.98222e-05 3.09179e-05 3.00347e-05 0.117549 0.8769 0.00547583
16 9.14286 2.75112e-05 2.76103e-05 2.75192e-05 0.0249342 0.974505 0.000479746
16 9.71429 2.75111e-05 2.76102e-05 2.75191e-05 0.0249341 0.974503 0.000479748
16 10.2857 2.9822e-05 3.09176e-05 3.00345e-05 0.117548 0.876897 0.00547586
16 10.8571 2.15708e-05 2.1414e-05 2.15435e-05 0.75808 0.117438 0.124453
16 11.4286 1.4741e-05 1.40142e-05 1.46007e-05 0.616188 0.021245 0.362479
16 12 1.43936e-05 1.4133e-05 1.43499e-05 0.307167 0.00476174 0.688116
16 12.5714 1.4403e-05 1.43811e-05 1.43997e-05 0.107879 0.00196531 0.890058
16 13.1429 1.42544e-05 1.4256e-05 1.42542e-05 0.0320059 0.00160202 0.96641
16 13.7143 1.41403e-05 1.41332e-05 1.41388e-05 0.00956743 0.00156569 0.988868
16 14.2857 1.40894e-05 1.40828e-05 1.40882e-05 0.0038813 0.00156367 0.99455
16 14.8571 1.40729e-05 1.40698e-05 1.40724e-05 0.00260418 0.00156366 0.995811
16 15.4286 1.40681e-05 1.40669e-05 1.40678e-05 0.00234492 0.00156372 0.995978
16 16 1.40695e-05 1.40695e-05 1.40695e-05 0.00229709 0.001564 0.996189
16 16.5714 1.40685e-05 1.40685e-05 1.40685e-05 0.00228855 0.00156378 0.996114
16 17.1429 1.40682e-05 1.40681e-05 1.40682e-05 0.00228713 0.00156382 0.996089
16 17.7143 1.40693e-05 1.40695e-05 1.40693e-05 0.00228712 0.00156391 0.996179
16 18.2857 1.40686e-05 1.40685e-05 1.40686e-05 0.00228695 0.00156382 0.996116
16 18.8571 1.40684e-05 1.40684e-05 1.40684e-05 0.00228693 0.00156383 0.996103
16 19.4286 1.40689e-05 1.4069e-05 1.40689e-05 0.00228702 0.00156386 0.996146
16.5714 0 1.40686e-05 1.40685e-05 1.40686e-05 0.00228696 0.00156388 0.996116
16.5714 0.571429 1.40687e-05 1.40688e-05 1.40687e-05 0.00228698 0.00156381 0.996131
16.5714 1.14286 1.40691e-05 1.40692e-05 1.40692e-05 0.00228709 0.0015639 0.996164
16.5714 1.71429 1.40683e-05 1.40682e-05 1.40683e-05 0.00228716 0.00156389 0.996094
16.5714 2.28571 1.40683e-05 1.40682e-05 1.40683e-05 0.0022885 0.00156373 0.996096
16.5714 2.85714 1.40693e-05 1.40693e-05 1.40693e-05 0.00229705 0.00156392 0.996176
16.5714 3.42857 1.40687e-05 1.40676e-05 1.40685e-05 0.00234507 0.00156382 0.99603
16.5714 4 1.40731e-05 1.407e-05 1.40726e-05 0.0026044 0.00156374 0.995824
16.5714 4.57143 1.40885e-05 1.40817e-05 1.40873e-05 0.00388209 0.00156356 0.994474
16.5714 5.14286 1.41396e-05 1.41325e-05 1.41381e-05 0.00957208 0.00156556 0.988809
16.5714 5.71429 1.42545e-05 1.42564e-05 1.42543e-05 0.0320273 0.00160196 0.966409
16.5714 6.28571 1.44025e-05 1.43811e-05 1.43993e-05 0.107955 0.00196511 0.89001
16.5714 6.85714 1.43904e-05 1.41302e-05 1.43467e-05 0.307366 0.00476081 0.68792
16.5714 7.42857 1.4733e-05 1.40052e-05 1.45925e-05 0.616472 0.0212371 0.362199
16.5714 8 2.15605e-05 2.13982e-05 2.15322e-05 0.758329 0.117358 0.124297
16.5714 8.57143 2.98635e-05 3.09606e-05 3.00763e-05 0.117692 0.876755 0.0054733
16.5714 9.14286 2.7551e-05 2.76482e-05 2.75586e-05 0.0249678 0.97447 0.000479544
16.5714 9.71429 2.75509e-05 2.76481e-05 2.75585e-05 0.0249677 0.974467 0.000479546
16.5714 10.2857 2.98633e-05 3.09603e-05 3.00761e-05 0.117692 0.87675 0.00547332
16.5714 10.8571 2.15603e-05 2.1398e-05 2.1532e-05 0.758321 0.117357 0.124297
16.5714 11.4286 1.47331e-05 1.40053e-05 1.45926e-05 0.616473 0.0212372 0.362206
16.5714 12 1.43906e-05 1.41305e-05 1.43469e-05 0.307369 0.00476085 0.687932
16.5714 12.5714 1.44024e-05 1.4381e-05 1.43991e-05 0.107954 0.00196509 0.889998
16.5714 13.1429 1.42543e-05 1.42561e-05 1.42541e-05 0.0320269 0.00160192 0.966389
16.5714 13.7143 1.41398e-05 1.41327e-05 1.41383e-05 0.0095721 0.00156558 0.988823
16.5714 14.2857 1.40887e-05 1.4082e-05 1.40875e-05 0.00388215 0.0015636 0.994496
16.5714 14.8571 1.40729e-05 1.40698e-05 1.40724e-05 0.00260437 0.00156372 0.995811
16.5714 15.4286 1.40686e-05 1.40675e-05 1.40684e-05 0.00234505 0.00156379 0.99602
16.5714 16 1.40695e-05 1.40695e-05 1.40695e-05 0.00229709 0.00156396 0.996187
16.5714 16.5714 1.40682e-05 1.40681e-05 1.40682e-05 0.00228849 0.00156374 0.996087
16.5714 17.1429 1.40683e-05 1.40682e-05 1.40683e-05 0.00228715 0.00156385 0.996093
16.5714 17.7143 1.40694e-05 1.40696e-05 1.40694e-05 0.00228714 0.00156392 0.996187
16.5714 18.2857 1.40685e-05 1.40684e-05 1.40684e-05 0.00228693 0.00156379 0.996106
16.5714 18.8571 1.40685e-05 1.40684e-05 1.40685e-05 0.00228694 0.00156383 0.996107
16.5714 19.4286 1.40692e-05 1.40693e-05 1.40692e-05 0.00228707 0.0015639 0.996168
17.1429 0 1.40686e-05 1.40686e-05 1.40686e-05 0.00228697 0.00156392 0.996119
17.1429 0.571429 1.40687e-05 1.40687e-05 1.40687e-05 0.00228697 0.00156381 0.996125
17.1429 1.14286 1.40691e-05 1.40692e-05 1.40691e-05 0.00228708 0.00156386 0.996159
17.1429 1.71429 1.40684e-05 1.40684e-05 1.40684e-05 0.00228718 0.00156389 0.996104
17.1429 2.28571 1.40682e-05 1.40681e-05 1.40682e-05 0.00228849 0.00156373 0.996088
17.1429 2.85714 1.40691e-05 1.4069e-05 1.4069e-05 0.002297 0.00156386 0.996152
17.1429 3.42857 1.40689e-05 1.40679e-05 1.40687e-05 0.00234512 0.0015638 0.996047
17.1429 4 1.40737e-05 1.40707e-05 1.40732e-05 0.00260462 0.00156382 0.995875
17.1429 4.57143 1.40889e-05 1.40821e-05 1.40876e-05 0.00388267 0.00156365 0.994503
17.1429 5.14286 1.41395e-05 1.41324e-05 1.4138e-05 0.00957439 0.00156559 0.988799
17.1429 5.71429 1.42542e-05 1.42561e-05 1.4254e-05 0.032037 0.00160191 0.96638
17.1429 6.28571 1.44019e-05 1.43808e-05 1.43987e-05 0.10799 0.00196498 0.889959
17.1429 6.85714 1.43887e-05 1.41288e-05 1.4345e-05 0.307462 0.0047603 0.687816
17.1429 7.42857 1.47291e-05 1.40008e-05 1.45886e-05 0.616613 0.0212332 0.362064
17.1429 8 2.15554e-05 2.13903e-05 2.15265e-05 0.758448 0.117318 0.12422
17.1429 8.57143 2.98841e-05 3.09818e-05 3.00971e-05 0.117763 0.876682 0.00547205
17.1429 9.14286 2.75707e-05 2.76669e-05 2.75781e-05 0.0249844 0.974448 0.000479445
17.1429 9.71429 2.75706e-05 2.76668e-05 2.7578e-05 0.0249843 0.974445 0.000479447
17.1429 10.2857 2.98838e-05 3.09814e-05 3.00968e-05 0.117762 0.876676 0.00547208
17.1429 10.8571 2.15552e-05 2.13901e-05 2.15263e-05 0.758438 0.117317 0.124221
17.1429 11.4286 1.47292e-05 1.40009e-05 1.45887e-05 0.616614 0.0212333 0.362071
17.1429 12 1.43889e-05 1.4129e-05 1.43453e-05 0.307465 0.00476034 0.687832
17.1429 12.5714 1.44018e-05 1.43806e-05 1.43986e-05 0.10799 0.00196497 0.889951
17.1429 13.1429 1.4254e-05 1.42558e-05 1.42538e-05 0.0320365 0.00160188 0.966359
17.1429 13.7143 1.41396e-05 1.41325e-05 1.41382e-05 0.00957438 0.0015656 0.988808
17.1429 14.2857 1.40891e-05 1.40824e-05 1.40879e-05 0.00388273 0.00156369 0.994523
17.1429 14.8571 1.40736e-05 1.40706e-05 1.40731e-05 0.0026046 0.00156381 0.995867
17.1429 15.4286 1.40688e-05 1.40678e-05 1.40686e-05 0.0023451 0.00156378 0.996041
17.1429 16 1.40692e-05 1.40691e-05 1.40692e-05 0.00229703 0.0015639 0.996162
17.1429 16.5714 1.40681e-05 1.4068e-05 1.40681e-05 0.00228847 0.00156374 0.996077
17.1429 17.1429 1.40684e-05 1.40684e-05 1.40684e-05 0.00228717 0.00156386 0.996104
17.1429 17.7143 1.40693e-05 1.40694e-05 1.40693e-05 0.00228711 0.00156389 0.996176
17.1429 18.2857 1.40682e-05 1.40681e-05 1.40682e-05 0.00228688 0.00156376 0.996085
17.1429 18.8571 1.40685e-05 1.40685e-05 1.40685e-05 0.00228695 0.00156386 0.996114
17.1429 19.4286 1.40695e-05 1.40697e-05 1.40695e-05 0.00228713 0.00156395 0.996194
17.7143 0 1.40686e-05 1.40686e-05 1.40686e-05 0.00228697 0.00156393 0.996118
17.7143 0.571429 1.40685e-05 1.40685e-05 1.40685e-05 0.00228694 0.00156379 0.996113
17.7143 1.14286 1.40689e-05 1.4069e-05 1.40689e-05 0.00228705 0.00156382 0.996147
17.7143 1.71429 1.40687e-05 1.40687e-05 1.40687e-05 0.00228723 0.00156391 0.996125
17.7143 2.28571 1.40686e-05 1.40685e-05 1.40686e-05 0.00228856 0.0015638 0.996118
17.7143 2.85714 1.40689e-05 1.40688e-05 1.40689e-05 0.00229697 0.00156387 0.99614
17.7143 3.42857 1.40684e-05 1.40673e-05 1.40682e-05 0.00234504 0.00156373 0.99601
17.7143 4 1.40736e-05 1.40706e-05 1.40731e-05 0.00260463 0.00156377 0.995865
17.7143 4.57143 1.40891e-05 1.40825e-05 1.40879e-05 0.00388299 0.00156367 0.994525
17.7143 5.14286 1.41398e-05 1.41327e-05 1.41384e-05 0.00957572 0.00156563 0.988823
17.7143 5.71429 1.42543e-05 1.42563e-05 1.42542e-05 0.0320422 0.00160193 0.966386
17.7143 6.28571 1.44017e-05 1.43807e-05 1.43986e-05 0.108008 0.00196494 0.889945
17.7143 6.85714 1.43878e-05 1.4128e-05 1.43442e-05 0.307508 0.00476007 0.687765
17.7143 7.42857 1.47272e-05 1.39987e-05 1.45866e-05 0.616684 0.0212314 0.361998
17.7143 8 2.1553e-05 2.13865e-05 2.15238e-05 0.758507 0.117299 0.124182
17.7143 8.57143 2.98944e-05 3.09924e-05 3.01074e-05 0.117798 0.87665 0.00547145
17.7143 9.14286 2.75805e-05 2.76763e-05 2.75878e-05 0.0249926 0.974442 0.000479398
17.7143 9.71429 2.75804e-05 2.76761e-05 2.75877e-05 0.0249925 0.974438 0.0004794
17.7143 10.2857 2.9894e-05 3.0992e-05 3.01071e-05 0.117797 0.876643 0.00547148
17.7143 10.8571 2.15528e-05 2.13862e-05 2.15236e-05 0.758497 0.117298 0.124183
17.7143 11.4286 1.47273e-05 1.39988e-05 1.45868e-05 0.616684 0.0212315 0.362006
17.7143 12 1.43881e-05 1.41283e-05 1.43445e-05 0.307512 0.00476012 0.687782
17.7143 12.5714 1.44017e-05 1.43806e-05 1.43985e-05 0.108008 0.00196494 0.889937
17.7143 13.1429 1.4254e-05 1.4256e-05 1.42539e-05 0.0320417 0.0016019 0.966364
17.7143 13.7143 1.41399e-05 1.41328e-05 1.41384e-05 0.00957569 0.00156563 0.988828
17.7143 14.2857 1.40893e-05 1.40827e-05 1.40881e-05 0.00388304 0.0015637 0.994545
17.7143 14.8571 1.40735e-05 1.40705e-05 1.4073e-05 0.00260462 0.00156376 0.995862
17.7143 15.4286 1.40684e-05 1.40673e-05 1.40682e-05 0.00234504 0.00156373 0.996009
17.7143 16 1.4069e-05 1.40689e-05 1.4069e-05 0.002297 0.00156392 0.996147
17.7143 16.5714 1.40684e-05 1.40683e-05 1.40683e-05 0.00228852 0.00156379 0.996099
17.7143 17.1429 1.40687e-05 1.40687e-05 1.40687e-05 0.00228721 0.00156387 0.996124
17.7143 17.7143 1.40692e-05 1.40693e-05 1.40693e-05 0.00228709 0.00156386 0.996171
17.7143 18.2857 1.40681e-05 1.4068e-05 1.40681e-05 0.00228685 0.00156375 0.996075
17.7143 18.8571 1.40685e-05 1.40685e-05 1.40685e-05 0.00228695 0.00156386 0.996111
17.7143 19.4286 1.40695e-05 1.40696e-05 1.40695e-05 0.00228713 0.00156394 0.996192
18.2857 0 1.40686e-05 1.40686e-05 1.40686e-05 0.00228697 0.0015639 0.996119
18.2857 0.571429 1.40685e-05 1.40685e-05 1.40685e-05 0.00228693 0.00156377 0.996109
18.2857 1.14286 1.40689e-05 1.40689e-05 1.40689e-05 0.00228703 0.00156382 0.99614
18.2857 1.71429 1.40688e-05 1.40688e-05 1.40688e-05 0.00228725 0.00156392 0.996134
18.2857 2.28571 1.40689e-05 1.40689e-05 1.40689e-05 0.00228862 0.00156385 0.996144
18.2857 2.85714 1.40691e-05 1.4069e-05 1.4069e-05 0.00229701 0.00156392 0.996153
18.2857 3.42857 1.40682e-05 1.4067e-05 1.4068e-05 0.002345 0.00156374 0.995989
18.2857 4 1.40731e-05 1.40701e-05 1.40726e-05 0.00260457 0.00156372 0.995828
18.2857 4.57143 1.40888e-05 1.40821e-05 1.40876e-05 0.00388302 0.00156361 0.9945
18.2857 5.14286 1.41397e-05 1.41326e-05 1.41383e-05 0.00957624 0.00156559 0.988815
18.2857 5.71429 1.42543e-05 1.42563e-05 1.42542e-05 0.0320446 0.00160191 0.966386
18.2857 6.28571 1.44017e-05 1.43808e-05 1.43986e-05 0.108017 0.00196492 0.889942
18.2857 6.85714 1.43874e-05 1.41277e-05 1.43438e-05 0.307531 0.00475996 0.687744
18.2857 7.42857 1.47263e-05 1.39977e-05 1.45857e-05 0.616718 0.0212305 0.361967
18.2857 8 2.15518e-05 2.13846e-05 2.15225e-05 0.758534 0.117289 0.124164
18.2857 8.57143 2.98993e-05 3.09974e-05 3.01124e-05 0.117815 0.876633 0.00547115
18.2857 9.14286 2.75852e-05 2.76807e-05 2.75925e-05 0.0249965 0.974438 0.000479374
18.2857 9.71429 2.75851e-05 2.76806e-05 2.75924e-05 0.0249963 0.974434 0.000479376
18.2857 10.2857 2.9899e-05 3.09971e-05 3.0112e-05 0.117813 0.876626 0.00547118
18.2857 10.8571 2.15516e-05 2.13844e-05 2.15223e-05 0.758524 0.117289 0.124165
18.2857 11.4286 1.47264e-05 1.39978e-05 1.45858e-05 0.616718 0.0212306 0.361975
18.2857 12 1.43877e-05 1.4128e-05 1.43441e-05 0.307534 0.00476 0.68776
18.2857 12.5714 1.44016e-05 1.43807e-05 1.43985e-05 0.108017 0.00196491 0.889935
18.2857 13.1429 1.4254e-05 1.4256e-05 1.42539e-05 0.0320441 0.00160187 0.966364
18.2857 13.7143 1.41398e-05 1.41327e-05 1.41383e-05 0.00957621 0.00156559 0.988821
18.2857 14.2857 1.4089e-05 1.40823e-05 1.40878e-05 0.00388307 0.00156363 0.994519
18.2857 14.8571 1.40731e-05 1.407e-05 1.40726e-05 0.00260456 0.00156371 0.995825
18.2857 15.4286 1.40682e-05 1.4067e-05 1.4068e-05 0.00234501 0.00156374 0.99599
18.2857 16 1.40692e-05 1.40691e-05 1.40691e-05 0.00229704 0.00156397 0.99616
18.2857 16.5714 1.40686e-05 1.40686e-05 1.40686e-05 0.00228857 0.00156383 0.99612
18.2857 17.1429 1.40687e-05 1.40687e-05 1.40687e-05 0.00228722 0.00156386 0.99613
18.2857 17.7143 1.40693e-05 1.40694e-05 1.40693e-05 0.0022871 0.00156386 0.996175
18.2857 18.2857 1.40682e-05 1.40681e-05 1.40682e-05 0.00228687 0.00156377 0.996084
18.2857 18.8571 1.40684e-05 1.40684e-05 1.40684e-05 0.00228693 0.00156385 0.996104
18.2857 19.4286 1.40692e-05 1.40694e-05 1.40693e-05 0.00228708 0.0015639 0.996173
18.8571 0 1.40688e-05 1.40688e-05 1.40688e-05 0.00228699 0.0015639 0.996131
18.8571 0.571429 1.40686e-05 1.40686e-05 1.40686e-05 0.00228695 0.00156379 0.996119
18.8571 1.14286 1.40688e-05 1.40688e-05 1.40688e-05 0.00228703 0.00156384 0.996135
18.8571 1.71429 1.40685e-05 1.40685e-05 1.40685e-05 0.0022872 0.0015639 0.996109
18.8571 2.28571 1.40686e-05 1.40686e-05 1.40686e-05 0.00228857 0.00156379 0.996124
18.8571 2.85714 1.40691e-05 1.4069e-05 1.40691e-05 0.00229701 0.0015639 0.996158
18.8571 3.42857 1.40685e-05 1.40674e-05 1.40683e-05 0.00234505 0.00156376 0.996012
18.8571 4 1.40734e-05 1.40703e-05 1.40728e-05 0.00260462 0.00156376 0.995846
18.8571 4.57143 1.40889e-05 1.40821e-05 1.40876e-05 0.00388308 0.00156363 0.994503
18.8571 5.14286 1.41397e-05 1.41326e-05 1.41382e-05 0.00957646 0.0015656 0.988811
18.8571 5.71429 1.42542e-05 1.42563e-05 1.42541e-05 0.0320456 0.0016019 0.96638
18.8571 6.28571 1.44016e-05 1.43807e-05 1.43985e-05 0.108021 0.0019649 0.889937
18.8571 6.85714 1.43873e-05 1.41276e-05 1.43437e-05 0.307541 0.00475991 0.687733
18.8571 7.42857 1.47259e-05 1.39972e-05 1.45853e-05 0.616732 0.0212301 0.361953
18.8571 8 2.15512e-05 2.13837e-05 2.15219e-05 0.758545 0.117285 0.124156
18.8571 8.57143 2.99015e-05 3.09997e-05 3.01146e-05 0.117822 0.876625 0.00547101
18.8571 9.14286 2.75873e-05 2.76827e-05 2.75946e-05 0.0249982 0.974435 0.000479363
18.8571 9.71429 2.75872e-05 2.76825e-05 2.75944e-05 0.024998 0.974431 0.000479365
18.8571 10.2857 2.99012e-05 3.09993e-05 3.01143e-05 0.117821 0.876618 0.00547104
18.8571 10.8571 2.1551e-05 2.13835e-05 2.15217e-05 0.758535 0.117285 0.124157
18.8571 11.4286 1.4726e-05 1.39973e-05 1.45854e-05 0.616732 0.0212302 0.361961
18.8571 12 1.43875e-05 1.41279e-05 1.43439e-05 0.307544 0.00475995 0.687749
18.8571 12.5714 1.44016e-05 1.43806e-05 1.43984e-05 0.10802 0.0019649 0.889929
18.8571 13.1429 1.4254e-05 1.4256e-05 1.42538e-05 0.0320451 0.00160187 0.966359
18.8571 13.7143 1.41398e-05 1.41327e-05 1.41383e-05 0.00957644 0.00156559 0.988818
18.8571 14.2857 1.4089e-05 1.40824e-05 1.40878e-05 0.00388312 0.00156365 0.99452
18.8571 14.8571 1.40733e-05 1.40702e-05 1.40727e-05 0.0026046 0.00156375 0.99584
18.8571 15.4286 1.40685e-05 1.40674e-05 1.40683e-05 0.00234506 0.00156376 0.996014
18.8571 16 1.40693e-05 1.40692e-05 1.40693e-05 0.00229706 0.00156396 0.99617
18.8571 16.5714 1.40684e-05 1.40683e-05 1.40684e-05 0.00228852 0.00156377 0.9961
18.8571 17.1429 1.40684e-05 1.40683e-05 1.40684e-05 0.00228716 0.00156382 0.996102
18.8571 17.7143 1.40692e-05 1.40694e-05 1.40693e-05 0.0022871 0.00156388 0.996172
18.8571 18.2857 1.40684e-05 1.40683e-05 1.40684e-05 0.00228691 0.00156381 0.996099
18.8571 18.8571 1.40685e-05 1.40684e-05 1.40685e-05 0.00228694 0.00156384 0.996108
18.8571 19.4286 1.40691e-05 1.40692e-05 1.40691e-05 0.00228706 0.00156388 0.996164
19.4286 0 1.40689e-05 1.40689e-05 1.40689e-05 0.00228701 0.00156391 0.99614
19.4286 0.571429 1.40687e-05 1.40687e-05 1.40687e-05 0.00228697 0.00156381 0.996126
19.4286 1.14286 1.40688e-05 1.40688e-05 1.40688e-05 0.00228702 0.00156386 0.996132
19.4286 1.71429 1.40683e-05 1.40682e-05 1.40682e-05 0.00228715 0.00156388 0.99609
19.4286 2.28571 1.40684e-05 1.40683e-05 1.40684e-05 0.00228851 0.00156373 0.996102
19.4286 2.85714 1.40691e-05 1.4069e-05 1.40691e-05 0.002297 0.00156386 0.996155
19.4286 3.42857 1.40687e-05 1.40676e-05 1.40685e-05 0.00234509 0.00156377 0.996031
19.4286 4 1.40736e-05 1.40707e-05 1.40731e-05 0.00260468 0.0015638 0.99587
19.4286 4.57143 1.40891e-05 1.40824e-05 1.40879e-05 0.00388315 0.00156366 0.994519
19.4286 5.14286 1.41398e-05 1.41327e-05 1.41383e-05 0.00957658 0.00156562 0.988819
19.4286 5.71429 1.42542e-05 1.42563e-05 1.42541e-05 0.0320459 0.00160191 0.966381
19.4286 6.28571 1.44016e-05 1.43807e-05 1.43985e-05 0.108022 0.00196491 0.889935
19.4286 6.85714 1.43872e-05 1.41275e-05 1.43436e-05 0.307544 0.00475991 0.68773
19.4286 7.42857 1.47258e-05 1.39971e-05 1.45852e-05 0.616737 0.02123 0.361949
19.4286 8 2.15511e-05 2.13835e-05 2.15217e-05 0.758549 0.117284 0.124154
19.4286 8.57143 2.99021e-05 3.10004e-05 3.01152e-05 0.117824 0.876624 0.00547098
19.4286 9.14286 2.75879e-05 2.76833e-05 2.75952e-05 0.0249987 0.974435 0.00047936
19.4286 9.71429 2.75878e-05 2.76831e-05 2.7595e-05 0.0249985 0.974431 0.000479362
19.4286 10.2857 2.99018e-05 3.1e-05 3.01149e-05 0.117823 0.876617 0.00547101
19.4286 10.8571 2.15509e-05 2.13833e-05 2.15215e-05 0.758539 0.117284 0.124155
19.4286 11.4286 1.47259e-05 1.39972e-05 1.45853e-05 0.616737 0.0212301 0.361957
19.4286 12 1.43874e-05 1.41278e-05 1.43439e-05 0.307547 0.00475995 0.687746
19.4286 12.5714 1.44015e-05 1.43806e-05 1.43984e-05 0.108021 0.0019649 0.889928
19.4286 13.1429 1.4254e-05 1.4256e-05 1.42539e-05 0.0320454 0.00160188 0.96636
19.4286 13.7143 1.41399e-05 1.41328e-05 1.41384e-05 0.00957656 0.00156562 0.988826
19.4286 14.2857 1.40892e-05 1.40826e-05 1.4088e-05 0.00388319 0.00156369 0.994536
19.4286 14.8571 1.40735e-05 1.40705e-05 1.4073e-05 0.00260466 0.00156378 0.995863
19.4286 15.4286 1.40687e-05 1.40677e-05 1.40685e-05 0.0023451 0.00156377 0.996033
19.4286 16 1.40693e-05 1.40692e-05 1.40693e-05 0.00229705 0.00156392 0.996169
19.4286 16.5714 1.40681e-05 1.4068e-05 1.40681e-05 0.00228847 0.00156372 0.99608
19.4286 17.1429 1.40682e-05 1.4068e-05 1.40681e-05 0.00228711 0.0015638 0.996081
19.4286 17.7143 1.40692e-05 1.40693e-05 1.40692e-05 0.00228709 0.00156389 0.996167
19.4286 18.2857 1.40685e-05 1.40684e-05 1.40685e-05 0.00228693 0.00156383 0.996107
19.4286 18.8571 1.40685e-05 1.40685e-05 1.40685e-05 0.00228695 0.00156385 0.996113
19.4286 19.4286 1.40691e-05 1.40692e-05 1.40692e-05 0.00228706 0.00156387 0.996164
