9.3037e-45 1.87898e-44 9.30348e-45 6.58383e-06 4.90956e-06 0.999989
9.30428e-45 1.87898e-44 9.30403e-45 6.58384e-06 4.90956e-06 0.999988
9.30616e-45 1.879e-44 9.30582e-45 6.58387e-06 4.90955e-06 0.999988
9.30971e-45 1.87903e-44 9.30917e-45 6.58395e-06 4.90955e-06 0.999988
9.31553e-45 1.87909e-44 9.3147e-45 6.58418e-06 4.90956e-06 0.999989
9.32451e-45 1.87918e-44 9.32321e-45 6.58472e-06 4.90956e-06 0.999989
9.33774e-45 1.87932e-44 9.33577e-45 6.58598e-06 4.90956e-06 0.999989
9.35648e-45 1.87953e-44 9.35356e-45 6.58872e-06 4.90956e-06 0.999989
9.38191e-45 1.87982e-44 9.37771e-45 6.59427e-06 4.90956e-06 0.999988
9.41482e-45 1.88022e-44 9.40897e-45 6.60463e-06 4.90955e-06 0.999988
9.45517e-45 1.88071e-44 9.44732e-45 6.62227e-06 4.90955e-06 0.999988
9.50162e-45 1.8813e-44 9.49147e-45 6.64933e-06 4.90955e-06 0.999988
9.55113e-45 1.88193e-44 9.53854e-45 6.6862e-06 4.90955e-06 0.999988
9.59901e-45 1.88255e-44 9.58406e-45 6.72974e-06 4.90955e-06 0.999988
9.63944e-45 1.88308e-44 9.62251e-45 6.77256e-06 4.90955e-06 0.999988
9.66662e-45 1.88344e-44 9.64837e-45 6.80446e-06 4.90955e-06 0.999988
9.67622e-45 1.88357e-44 9.65749e-45 6.81632e-06 4.90955e-06 0.999988
9.66662e-45 1.88344e-44 9.64837e-45 6.80446e-06 4.90955e-06 0.999988
9.63944e-45 1.88308e-44 9.62251e-45 6.77256e-06 4.90955e-06 0.999988
9.59901e-45 1.88255e-44 9.58407e-45 6.72974e-06 4.90955e-06 0.999988
9.55113e-45 1.88193e-44 9.53854e-45 6.6862e-06 4.90955e-06 0.999988
9.50162e-45 1.8813e-44 9.49147e-45 6.64933e-06 4.90955e-06 0.999988
9.45518e-45 1.88071e-44 9.44733e-45 6.62227e-06 4.90955e-06 0.999988
9.41483e-45 1.88022e-44 9.40899e-45 6.60463e-06 4.90955e-06 0.999988
9.38194e-45 1.87982e-44 9.37774e-45 6.59428e-06 4.90956e-06 0.999988
9.35654e-45 1.87953e-44 9.35362e-45 6.58872e-06 4.90956e-06 0.999989
9.33786e-45 1.87932e-44 9.33588e-45 6.58598e-06 4.90956e-06 0.999989
9.32474e-45 1.87918e-44 9.32343e-45 6.58472e-06 4.90956e-06 0.999989
9.31596e-45 1.87909e-44 9.3151e-45 6.58418e-06 4.90956e-06 0.999989
9.31047e-45 1.87904e-44 9.30989e-45 6.58396e-06 4.90956e-06 0.999989
9.30749e-45 1.87901e-44 9.30707e-45 6.58387e-06 4.90955e-06 0.999988
9.30655e-45 1.879e-44 9.30617e-45 6.58385e-06 4.90955e-06 0.999987
9.30447e-45 1.87898e-44 9.30421e-45 6.58384e-06 4.90956e-06 0.999988
9.30519e-45 1.87899e-44 9.3049e-45 6.58385e-06 4.90956e-06 0.999988
9.30752e-45 1.87901e-44 9.3071e-45 6.58391e-06 4.90955e-06 0.999989
9.31191e-45 1.87906e-44 9.31126e-45 6.58408e-06 4.90956e-06 0.999989
9.31917e-45 1.87913e-44 9.31815e-45 6.58451e-06 4.90956e-06 0.999989
9.33047e-45 1.87925e-44 9.32887e-45 6.58558e-06 4.90956e-06 0.999989
9.34728e-45 1.87944e-44 9.34485e-45 6.58811e-06 4.90956e-06 0.999988
9.37135e-45 1.87972e-44 9.3677e-45 6.59368e-06 4.90955e-06 0.999988
9.40435e-45 1.88013e-44 9.39907e-45 6.60503e-06 4.90955e-06 0.999988
9.44754e-45 1.88067e-44 9.44012e-45 6.62635e-06 4.90955e-06 0.999988
9.50108e-45 1.88136e-44 9.49103e-45 6.66289e-06 4.90955e-06 0.999989
9.56336e-45 1.88218e-44 9.55025e-45 6.7193e-06 4.90956e-06 0.999989
9.63041e-45 1.88308e-44 9.61404e-45 6.7965e-06 4.90956e-06 0.999989
9.69584e-45 1.88396e-44 9.67629e-45 6.88803e-06 4.90956e-06 0.999989
9.7515e-45 1.88473e-44 9.72925e-45 6.97832e-06 4.90956e-06 0.999988
9.78911e-45 1.88525e-44 9.76505e-45 7.04574e-06 4.90956e-06 0.999988
9.80243e-45 1.88543e-44 9.77773e-45 7.07084e-06 4.90956e-06 0.999988
9.78911e-45 1.88525e-44 9.76505e-45 7.04574e-06 4.90956e-06 0.999988
9.7515e-45 1.88473e-44 9.72925e-45 6.97832e-06 4.90956e-06 0.999988
9.69584e-45 1.88396e-44 9.67629e-45 6.88803e-06 4.90956e-06 0.999989
9.63041e-45 1.88308e-44 9.61404e-45 6.7965e-06 4.90956e-06 0.999989
9.56336e-45 1.88218e-44 9.55026e-45 6.7193e-06 4.90956e-06 0.999989
9.50109e-45 1.88136e-44 9.49103e-45 6.66289e-06 4.90955e-06 0.999988
9.44756e-45 1.88067e-44 9.44014e-45 6.62635e-06 4.90955e-06 0.999988
9.40439e-45 1.88013e-44 9.39911e-45 6.60503e-06 4.90955e-06 0.999988
9.37142e-45 1.87972e-44 9.36777e-45 6.59368e-06 4.90955e-06 0.999988
9.34743e-45 1.87944e-44 9.34498e-45 6.58811e-06 4.90956e-06 0.999988
9.33074e-45 1.87925e-44 9.32913e-45 6.58558e-06 4.90956e-06 0.999989
9.31968e-45 1.87913e-44 9.31863e-45 6.58451e-06 4.90956e-06 0.999989
9.31282e-45 1.87906e-44 9.31212e-45 6.58408e-06 4.90956e-06 0.999989
9.30912e-45 1.87902e-44 9.30861e-45 6.58392e-06 4.90956e-06 0.999988
9.30795e-45 1.87901e-44 9.30751e-45 6.58388e-06 4.90955e-06 0.999988
9.30697e-45 1.87901e-44 9.30658e-45 6.58388e-06 4.90955e-06 0.999988
9.30814e-45 1.87902e-44 9.3077e-45 6.58392e-06 4.90955e-06 0.999989
9.31192e-45 1.87906e-44 9.31128e-45 6.58411e-06 4.90956e-06 0.999989
9.31912e-45 1.87914e-44 9.31812e-45 6.58464e-06 4.90956e-06 0.999989
9.3312e-45 1.87927e-44 9.32959e-45 6.58605e-06 4.90956e-06 0.999988
9.35031e-45 1.8795e-44 9.34775e-45 6.58963e-06 4.90955e-06 0.999987
9.37932e-45 1.87986e-44 9.37532e-45 6.59815e-06 4.90955e-06 0.999988
9.42164e-45 1.8804e-44 9.41557e-45 6.61708e-06 4.90955e-06 0.999988
9.48087e-45 1.88119e-44 9.47191e-45 6.6561e-06 4.90955e-06 0.999989
9.56e-45 1.88227e-44 9.5472e-45 6.73004e-06 4.90956e-06 0.999989
9.66013e-45 1.88366e-44 9.6425e-45 6.85772e-06 4.90956e-06 0.999989
9.77895e-45 1.88535e-44 9.75561e-45 7.05613e-06 4.90956e-06 0.999989
9.9093e-45 1.88722e-44 9.87973e-45 7.32922e-06 4.90956e-06 0.999988
1.00386e-44 1.88911e-44 1.00029e-44 7.65453e-06 4.90957e-06 0.999988
1.01501e-44 1.89075e-44 1.01091e-44 7.97661e-06 4.90957e-06 0.999987
1.02262e-44 1.89187e-44 1.01816e-44 8.2177e-06 4.90957e-06 0.999987
1.02532e-44 1.89227e-44 1.02074e-44 8.30757e-06 4.90957e-06 0.999987
1.02262e-44 1.89187e-44 1.01816e-44 8.2177e-06 4.90957e-06 0.999987
1.01501e-44 1.89075e-44 1.01091e-44 7.97661e-06 4.90957e-06 0.999987
1.00386e-44 1.88911e-44 1.00029e-44 7.65453e-06 4.90957e-06 0.999988
9.9093e-45 1.88722e-44 9.87973e-45 7.32922e-06 4.90956e-06 0.999988
9.77896e-45 1.88535e-44 9.75562e-45 7.05613e-06 4.90956e-06 0.999989
9.66015e-45 1.88366e-44 9.64251e-45 6.85772e-06 4.90956e-06 0.999989
9.56003e-45 1.88227e-44 9.54723e-45 6.73004e-06 4.90956e-06 0.999989
9.48093e-45 1.88119e-44 9.47197e-45 6.6561e-06 4.90955e-06 0.999989
9.42175e-45 1.8804e-44 9.41567e-45 6.61708e-06 4.90955e-06 0.999988
9.37953e-45 1.87986e-44 9.37553e-45 6.59815e-06 4.90955e-06 0.999988
9.35073e-45 1.8795e-44 9.34814e-45 6.58963e-06 4.90955e-06 0.999988
9.33197e-45 1.87928e-44 9.33031e-45 6.58605e-06 4.90956e-06 0.999988
9.32052e-45 1.87915e-44 9.31944e-45 6.58464e-06 4.90956e-06 0.999989
9.31442e-45 1.87908e-44 9.31364e-45 6.58414e-06 4.90956e-06 0.999989
9.31251e-45 1.87906e-44 9.31183e-45 6.58401e-06 4.90956e-06 0.999989
9.31188e-45 1.87906e-44 9.31124e-45 6.58401e-06 4.90955e-06 0.999989
9.31394e-45 1.87908e-44 9.3132e-45 6.58415e-06 4.90956e-06 0.999989
9.32065e-45 1.87916e-44 9.31958e-45 6.58475e-06 4.90956e-06 0.999989
9.33361e-45 1.87931e-44 9.3319e-45 6.5865e-06 4.90956e-06 0.999988
9.3557e-45 1.87958e-44 9.35289e-45 6.59125e-06 4.90955e-06 0.999988
9.39125e-45 1.88004e-44 9.38672e-45 6.60342e-06 4.90955e-06 0.999988
9.44625e-45 1.88078e-44 9.43905e-45 6.63264e-06 4.90955e-06 0.999989
9.52815e-45 1.88192e-44 9.517e-45 6.69814e-06 4.90956e-06 0.99999
9.64526e-45 1.88359e-44 9.62849e-45 6.83424e-06 4.90956e-06 0.999989
9.80512e-45 1.88592e-44 9.78073e-45 7.09413e-06 4.90956e-06 0.999988
1.00118e-44 1.889e-44 9.97764e-45 7.54577e-06 4.90956e-06 0.999987
1.02623e-44 1.89279e-44 1.02163e-44 8.25155e-06 4.90956e-06 0.999986
1.05426e-44 1.89708e-44 1.04834e-44 9.22774e-06 4.90957e-06 0.999985
1.08255e-44 1.90147e-44 1.07532e-44 1.03953e-05 4.90958e-06 0.999984
1.1073e-44 1.90534e-44 1.09892e-44 1.15549e-05 4.9096e-06 0.999983
1.12436e-44 1.90803e-44 1.11519e-44 1.24249e-05 4.90962e-06 0.999982
1.13047e-44 1.90899e-44 1.12102e-44 1.27495e-05 4.90963e-06 0.999981
1.12436e-44 1.90803e-44 1.11519e-44 1.24249e-05 4.90962e-06 0.999982
1.1073e-44 1.90534e-44 1.09892e-44 1.15549e-05 4.9096e-06 0.999983
1.08255e-44 1.90147e-44 1.07532e-44 1.03953e-05 4.90958e-06 0.999984
1.05426e-44 1.89708e-44 1.04834e-44 9.22774e-06 4.90957e-06 0.999985
1.02623e-44 1.89279e-44 1.02163e-44 8.25155e-06 4.90956e-06 0.999986
1.00119e-44 1.889e-44 9.97766e-45 7.54577e-06 4.90956e-06 0.999987
9.80516e-45 1.88592e-44 9.78077e-45 7.09413e-06 4.90956e-06 0.999988
9.64534e-45 1.88359e-44 9.62857e-45 6.83424e-06 4.90956e-06 0.999989
9.52833e-45 1.88192e-44 9.51717e-45 6.69814e-06 4.90956e-06 0.999989
9.44661e-45 1.88078e-44 9.43938e-45 6.63264e-06 4.90956e-06 0.999989
9.39193e-45 1.88005e-44 9.38736e-45 6.60342e-06 4.90955e-06 0.999988
9.35697e-45 1.87959e-44 9.3541e-45 6.59126e-06 4.90955e-06 0.999987
9.33596e-45 1.87933e-44 9.33412e-45 6.58653e-06 4.90955e-06 0.999988
9.32491e-45 1.87919e-44 9.32361e-45 6.58484e-06 4.90956e-06 0.999989
9.32148e-45 1.87915e-44 9.32035e-45 6.58444e-06 4.90956e-06 0.99999
9.32041e-45 1.87915e-44 9.31934e-45 6.58441e-06 4.90956e-06 0.999989
9.3241e-45 1.87919e-44 9.32285e-45 6.58485e-06 4.90956e-06 0.999989
9.33616e-45 1.87934e-44 9.33432e-45 6.58674e-06 4.90955e-06 0.999988
9.35975e-45 1.87964e-44 9.35677e-45 6.59236e-06 4.90955e-06 0.999988
9.40057e-45 1.88019e-44 9.39562e-45 6.6078e-06 4.90955e-06 0.999989
9.46748e-45 1.88112e-44 9.45932e-45 6.64765e-06 4.90956e-06 0.99999
9.57299e-45 1.88264e-44 9.5598e-45 6.74425e-06 4.90957e-06 0.99999
9.73346e-45 1.88502e-44 9.71265e-45 6.9626e-06 4.90957e-06 0.999989
9.96801e-45 1.88858e-44 9.93612e-45 7.41966e-06 4.90956e-06 0.999987
1.02955e-44 1.89365e-44 1.02482e-44 8.29819e-06 4.90956e-06 0.999985
1.07286e-44 1.90048e-44 1.06612e-44 9.83392e-06 4.90956e-06 0.999984
1.12653e-44 1.90907e-44 1.11729e-44 1.22463e-05 4.90959e-06 0.999982
1.18783e-44 1.919e-44 1.17577e-44 1.55979e-05 4.90964e-06 0.999979
1.25089e-44 1.92933e-44 1.23595e-44 1.96219e-05 4.90973e-06 0.999975
1.30692e-44 1.93861e-44 1.28945e-44 2.36306e-05 4.90983e-06 0.999972
1.346e-44 1.94513e-44 1.32677e-44 2.66446e-05 4.90992e-06 0.999969
1.36007e-44 1.94749e-44 1.34021e-44 2.77707e-05 4.90996e-06 0.999968
1.346e-44 1.94513e-44 1.32677e-44 2.66446e-05 4.90992e-06 0.999969
1.30692e-44 1.93861e-44 1.28945e-44 2.36306e-05 4.90983e-06 0.999972
1.25089e-44 1.92933e-44 1.23595e-44 1.96219e-05 4.90973e-06 0.999975
1.18783e-44 1.919e-44 1.17577e-44 1.55979e-05 4.90964e-06 0.999979
1.12653e-44 1.90907e-44 1.11729e-44 1.22463e-05 4.90959e-06 0.999982
1.07287e-44 1.90048e-44 1.06612e-44 9.83392e-06 4.90956e-06 0.999984
1.02956e-44 1.89365e-44 1.02483e-44 8.29819e-06 4.90956e-06 0.999985
9.96815e-45 1.88858e-44 9.93626e-45 7.41966e-06 4.90956e-06 0.999987
9.73376e-45 1.88502e-44 9.71293e-45 6.9626e-06 4.90956e-06 0.999989
9.57358e-45 1.88265e-44 9.56035e-45 6.74425e-06 4.90957e-06 0.99999
9.46861e-45 1.88113e-44 9.46039e-45 6.64766e-06 4.90956e-06 0.99999
9.40272e-45 1.88021e-44 9.39766e-45 6.60782e-06 4.90955e-06 0.999988
9.36376e-45 1.87968e-44 9.36057e-45 6.59245e-06 4.90955e-06 0.999988
9.3435e-45 1.87941e-44 9.34129e-45 6.58701e-06 4.90956e-06 0.999988
9.33725e-45 1.87933e-44 9.33535e-45 6.58571e-06 4.90956e-06 0.999989
9.33449e-45 1.87931e-44 9.33274e-45 6.58556e-06 4.90956e-06 0.999989
9.34099e-45 1.87939e-44 9.33892e-45 6.5869e-06 4.90956e-06 0.999988
9.36239e-45 1.87968e-44 9.35929e-45 6.59267e-06 4.90955e-06 0.999988
9.40474e-45 1.88026e-44 9.39962e-45 6.60999e-06 4.90955e-06 0.999988
9.47919e-45 1.88133e-44 9.47053e-45 6.65799e-06 4.90956e-06 0.99999
9.60349e-45 1.88318e-44 9.58895e-45 6.78306e-06 4.90957e-06 0.99999
9.80363e-45 1.88625e-44 9.77968e-45 7.08876e-06 4.90956e-06 0.999988
1.01149e-44 1.89114e-44 1.00763e-44 7.78503e-06 4.90955e-06 0.999985
1.05805e-44 1.89862e-44 1.05203e-44 9.25225e-06 4.90955e-06 0.999984
1.12464e-44 1.90951e-44 1.11555e-44 1.20896e-05 4.90958e-06 0.999982
1.21489e-44 1.9245e-44 1.20165e-44 1.70764e-05 4.90965e-06 0.999979
1.32941e-44 1.94379e-44 1.31096e-44 2.49482e-05 4.90979e-06 0.999972
1.46326e-44 1.96664e-44 1.43879e-44 3.59323e-05 4.91004e-06 0.999961
1.60387e-44 1.99095e-44 1.57313e-44 4.91694e-05 4.91046e-06 0.999948
1.73103e-44 2.0132e-44 1.69469e-44 6.23967e-05 4.911e-06 0.999935
1.82088e-44 2.02908e-44 1.78061e-44 7.23639e-05 4.9115e-06 0.999925
1.85345e-44 2.03486e-44 1.81177e-44 7.60924e-05 4.91172e-06 0.999921
1.82088e-44 2.02908e-44 1.78061e-44 7.23639e-05 4.9115e-06 0.999925
1.73103e-44 2.0132e-44 1.69469e-44 6.23967e-05 4.911e-06 0.999935
1.60387e-44 1.99095e-44 1.57313e-44 4.91694e-05 4.91046e-06 0.999948
1.46326e-44 1.96664e-44 1.43879e-44 3.59323e-05 4.91004e-06 0.999961
1.32941e-44 1.94379e-44 1.31096e-44 2.49482e-05 4.90979e-06 0.999972
1.21489e-44 1.9245e-44 1.20165e-44 1.70764e-05 4.90965e-06 0.999979
1.12465e-44 1.90951e-44 1.11556e-44 1.20896e-05 4.90958e-06 0.999982
1.05807e-44 1.89862e-44 1.05205e-44 9.25225e-06 4.90955e-06 0.999984
1.01153e-44 1.89114e-44 1.00768e-44 7.78503e-06 4.90955e-06 0.999985
9.80458e-45 1.88625e-44 9.78058e-45 7.08877e-06 4.90956e-06 0.999988
9.60535e-45 1.8832e-44 9.59072e-45 6.78308e-06 4.90957e-06 0.99999
9.48277e-45 1.88137e-44 9.47392e-45 6.65805e-06 4.90956e-06 0.99999
9.41148e-45 1.88033e-44 9.40602e-45 6.61024e-06 4.90955e-06 0.999989
9.37487e-45 1.87981e-44 9.37115e-45 6.59347e-06 4.90955e-06 0.999988
9.36365e-45 1.87966e-44 9.36046e-45 6.58946e-06 4.90956e-06 0.999988
9.35692e-45 1.87959e-44 9.35409e-45 6.58875e-06 4.90956e-06 0.999989
9.36812e-45 1.87974e-44 9.36475e-45 6.59263e-06 4.90955e-06 0.999988
9.40524e-45 1.88028e-44 9.40012e-45 6.60949e-06 4.90955e-06 0.999988
9.47964e-45 1.88138e-44 9.47101e-45 6.66048e-06 4.90956e-06 0.999989
9.61261e-45 1.88341e-44 9.59776e-45 6.80301e-06 4.90957e-06 0.999989
9.83905e-45 1.88698e-44 9.81364e-45 7.17761e-06 4.90956e-06 0.999987
1.02118e-44 1.89303e-44 1.01691e-44 8.10008e-06 4.90955e-06 0.999984
1.08052e-44 1.90288e-44 1.07351e-44 1.02154e-05 4.90955e-06 0.999983
1.17155e-44 1.91828e-44 1.16036e-44 1.47004e-05 4.9096e-06 0.999982
1.30514e-44 1.94126e-44 1.28788e-44 2.34225e-05 4.90973e-06 0.999975
1.49103e-44 1.97369e-44 1.46538e-44 3.88312e-05 4.91001e-06 0.99996
1.73322e-44 2.01657e-44 1.69678e-44 6.32684e-05 4.91063e-06 0.999934
2.0236e-44 2.06877e-44 1.9744e-44 9.7514e-05 4.91185e-06 0.999898
2.33586e-44 2.1258e-44 2.27314e-44 0.000138941 4.91392e-06 0.999855
2.62398e-44 2.17926e-44 2.54899e-44 0.000180469 4.91672e-06 0.999813
2.83061e-44 2.21813e-44 2.74694e-44 0.000211838 4.91944e-06 0.999781
2.90613e-44 2.23246e-44 2.8193e-44 0.000223587 4.92063e-06 0.99977
2.83061e-44 2.21813e-44 2.74694e-44 0.000211838 4.91944e-06 0.999781
2.62398e-44 2.17926e-44 2.54899e-44 0.000180469 4.91672e-06 0.999813
2.33586e-44 2.1258e-44 2.27314e-44 0.000138941 4.91392e-06 0.999855
2.02361e-44 2.06877e-44 1.9744e-44 9.7514e-05 4.91185e-06 0.999898
1.73322e-44 2.01657e-44 1.69678e-44 6.32684e-05 4.91063e-06 0.999934
1.49104e-44 1.97369e-44 1.46539e-44 3.88312e-05 4.91001e-06 0.99996
1.30516e-44 1.94126e-44 1.28789e-44 2.34225e-05 4.90973e-06 0.999975
1.17158e-44 1.91829e-44 1.1604e-44 1.47004e-05 4.9096e-06 0.999982
1.0806e-44 1.90289e-44 1.07358e-44 1.02154e-05 4.90955e-06 0.999983
1.02133e-44 1.89304e-44 1.01705e-44 8.10009e-06 4.90955e-06 0.999984
9.84204e-45 1.88701e-44 9.81648e-45 7.17766e-06 4.90956e-06 0.999987
9.61842e-45 1.88347e-44 9.60327e-45 6.8032e-06 4.90956e-06 0.999989
9.4907e-45 1.8815e-44 9.48153e-45 6.66115e-06 4.90956e-06 0.99999
9.42597e-45 1.88052e-44 9.41983e-45 6.61175e-06 4.90955e-06 0.999988
9.40628e-45 1.88023e-44 9.40107e-45 6.59999e-06 4.90955e-06 0.999987
9.39146e-45 1.88005e-44 9.387e-45 6.59715e-06 4.90956e-06 0.999988
9.41026e-45 1.88033e-44 9.40491e-45 6.60788e-06 4.90955e-06 0.999988
9.47302e-45 1.8813e-44 9.46476e-45 6.65476e-06 4.90955e-06 0.999989
9.60045e-45 1.8833e-44 9.58627e-45 6.79767e-06 4.90956e-06 0.999989
9.83229e-45 1.88706e-44 9.80739e-45 7.20038e-06 4.90956e-06 0.999987
1.02354e-44 1.89379e-44 1.0192e-44 8.26676e-06 4.90955e-06 0.999984
1.09145e-44 1.90541e-44 1.084e-44 1.09106e-05 4.90956e-06 0.999983
1.20231e-44 1.92477e-44 1.18981e-44 1.70107e-05 4.90963e-06 0.999981
1.37694e-44 1.95577e-44 1.35655e-44 3.00183e-05 4.90981e-06 0.99997
1.6405e-44 2.00329e-44 1.60831e-44 5.5448e-05 4.91028e-06 0.999942
2.01792e-44 2.07239e-44 1.96904e-44 0.000100596 4.91147e-06 0.999892
2.5241e-44 2.16666e-44 2.45319e-44 0.000172532 4.91427e-06 0.999818
3.14838e-44 2.2852e-44 3.05082e-44 0.000273781 4.9201e-06 0.999717
3.83761e-44 2.41896e-44 3.71125e-44 0.000396754 4.93035e-06 0.999594
4.48833e-44 2.5482e-44 4.33538e-44 0.000520462 4.94485e-06 0.999471
4.96323e-44 2.64451e-44 4.79123e-44 0.000614157 4.95946e-06 0.999378
5.13848e-44 2.68054e-44 4.95954e-44 0.000649307 4.9661e-06 0.999343
4.96323e-44 2.64451e-44 4.79123e-44 0.000614157 4.95946e-06 0.999378
4.48833e-44 2.5482e-44 4.33538e-44 0.000520462 4.94485e-06 0.999471
3.83761e-44 2.41896e-44 3.71125e-44 0.000396754 4.93035e-06 0.999594
3.14838e-44 2.2852e-44 3.05082e-44 0.000273781 4.9201e-06 0.999717
2.5241e-44 2.16666e-44 2.45319e-44 0.000172532 4.91427e-06 0.999818
2.01794e-44 2.07239e-44 1.96905e-44 0.000100596 4.91147e-06 0.999892
1.64053e-44 2.00329e-44 1.60833e-44 5.5448e-05 4.91028e-06 0.999942
1.377e-44 1.95578e-44 1.3566e-44 3.00183e-05 4.90981e-06 0.99997
1.20243e-44 1.92477e-44 1.18992e-44 1.70107e-05 4.90963e-06 0.999981
1.09168e-44 1.90543e-44 1.08422e-44 1.09106e-05 4.90956e-06 0.999983
1.02401e-44 1.89383e-44 1.01964e-44 8.26689e-06 4.90955e-06 0.999984
9.84146e-45 1.88716e-44 9.81611e-45 7.20088e-06 4.90956e-06 0.999988
9.61813e-45 1.88351e-44 9.60308e-45 6.79946e-06 4.90956e-06 0.99999
9.50656e-45 1.88172e-44 9.49668e-45 6.66088e-06 4.90955e-06 0.999989
9.47289e-45 1.88119e-44 9.46457e-45 6.62808e-06 4.90955e-06 0.999988
9.44283e-45 1.8808e-44 9.43599e-45 6.61817e-06 4.90955e-06 0.999988
9.47349e-45 1.88129e-44 9.46523e-45 6.64632e-06 4.90955e-06 0.999988
9.57662e-45 1.88296e-44 9.56362e-45 6.77e-06 4.90956e-06 0.999989
9.78892e-45 1.8865e-44 9.7662e-45 7.14983e-06 4.90956e-06 0.999988
1.01824e-44 1.89324e-44 1.01417e-44 8.22795e-06 4.90955e-06 0.999985
1.08816e-44 1.90554e-44 1.08092e-44 1.11019e-05 4.90956e-06 0.999983
1.20884e-44 1.92724e-44 1.19614e-44 1.8271e-05 4.90963e-06 0.999979
1.41112e-44 1.96427e-44 1.38934e-44 3.49061e-05 4.90986e-06 0.999965
1.73891e-44 2.02522e-44 1.70254e-44 7.05669e-05 4.91051e-06 0.999925
2.24868e-44 2.12153e-44 2.18989e-44 0.000140636 4.91237e-06 0.999849
3.00177e-44 2.26641e-44 2.91042e-44 0.000265645 4.91749e-06 0.999722
4.04428e-44 2.47148e-44 3.9088e-44 0.000465772 4.93007e-06 0.999526
5.37103e-44 2.73973e-44 5.18082e-44 0.000748756 4.95722e-06 0.999247
6.88015e-44 3.05504e-44 6.62951e-44 0.00109398 5.00724e-06 0.998905
8.34327e-44 3.37191e-44 8.03579e-44 0.00144266 5.08153e-06 0.998557
9.43345e-44 3.61612e-44 9.08474e-44 0.0017076 5.16009e-06 0.998293
9.84059e-44 3.70948e-44 9.47675e-44 0.00180719 5.19746e-06 0.998193
9.43345e-44 3.61612e-44 9.08474e-44 0.0017076 5.16009e-06 0.998293
8.34327e-44 3.37191e-44 8.03579e-44 0.00144266 5.08153e-06 0.998557
6.88016e-44 3.05504e-44 6.62951e-44 0.00109398 5.00724e-06 0.998905
5.37103e-44 2.73973e-44 5.18082e-44 0.000748756 4.95722e-06 0.999247
4.04429e-44 2.47148e-44 3.9088e-44 0.000465772 4.93007e-06 0.999526
3.00179e-44 2.26641e-44 2.91044e-44 0.000265645 4.91749e-06 0.999722
2.24872e-44 2.12153e-44 2.18993e-44 0.000140636 4.91237e-06 0.999849
1.739e-44 2.02522e-44 1.70262e-44 7.05669e-05 4.91051e-06 0.999925
1.41129e-44 1.96428e-44 1.3895e-44 3.49062e-05 4.90986e-06 0.999965
1.20919e-44 1.92727e-44 1.19648e-44 1.82711e-05 4.90963e-06 0.999979
1.08888e-44 1.90562e-44 1.0816e-44 1.11023e-05 4.90956e-06 0.999983
1.01965e-44 1.89341e-44 1.01551e-44 8.22922e-06 4.90955e-06 0.999985
9.81638e-45 1.88685e-44 9.79234e-45 7.15439e-06 4.90956e-06 0.999988
9.62936e-45 1.88368e-44 9.61387e-45 6.78581e-06 4.90956e-06 0.999989
9.5734e-45 1.88275e-44 9.56047e-45 6.69898e-06 4.90955e-06 0.999988
9.51641e-45 1.88195e-44 9.50622e-45 6.66769e-06 4.90955e-06 0.999988
9.56487e-45 1.88277e-44 9.55247e-45 6.73756e-06 4.90956e-06 0.999989
9.72919e-45 1.88559e-44 9.70934e-45 7.04597e-06 4.90956e-06 0.999989
1.00723e-44 1.89162e-44 1.0037e-44 7.99943e-06 4.90956e-06 0.999987
1.07205e-44 1.90332e-44 1.06559e-44 1.07232e-05 4.90956e-06 0.999983
1.18984e-44 1.92508e-44 1.17809e-44 1.80275e-05 4.90962e-06 0.999978
1.3983e-44 1.96435e-44 1.37725e-44 3.63492e-05 4.90986e-06 0.999962
1.75754e-44 2.03315e-44 1.72058e-44 7.9085e-05 4.91061e-06 0.999916
2.35738e-44 2.14988e-44 2.29415e-44 0.000171158 4.91302e-06 0.999817
3.3205e-44 2.34084e-44 3.21576e-44 0.000352962 4.92053e-06 0.999635
4.79197e-44 2.63968e-44 4.62517e-44 0.000678912 4.9418e-06 0.999318
6.90083e-44 3.08201e-44 6.64756e-44 0.00120334 4.99619e-06 0.998801
9.68035e-44 3.69037e-44 9.31696e-44 0.00194868 5.11959e-06 0.998057
1.29518e-43 4.44513e-44 1.24638e-43 0.0028626 5.35989e-06 0.997139
1.62242e-43 5.2461e-44 1.56167e-43 0.00379013 5.7381e-06 0.996208
1.87253e-43 5.89411e-44 1.80299e-43 0.0044977 6.16202e-06 0.995498
1.96739e-43 6.1502e-44 1.89459e-43 0.00476432 6.37565e-06 0.995231
1.87253e-43 5.89411e-44 1.80299e-43 0.0044977 6.16202e-06 0.995498
1.62242e-43 5.2461e-44 1.56167e-43 0.00379013 5.7381e-06 0.996208
1.29518e-43 4.44513e-44 1.24638e-43 0.0028626 5.35989e-06 0.997139
9.68035e-44 3.69037e-44 9.31696e-44 0.00194868 5.11959e-06 0.998057
6.90084e-44 3.08201e-44 6.64757e-44 0.00120334 4.99619e-06 0.998801
4.79199e-44 2.63968e-44 4.6252e-44 0.000678912 4.9418e-06 0.999318
3.32056e-44 2.34085e-44 3.21582e-44 0.000352962 4.92053e-06 0.999635
2.3575e-44 2.14989e-44 2.29427e-44 0.000171158 4.91303e-06 0.999817
1.75779e-44 2.03317e-44 1.72082e-44 7.9085e-05 4.91061e-06 0.999916
1.39882e-44 1.9644e-44 1.37775e-44 3.63494e-05 4.90986e-06 0.999962
1.19089e-44 1.9252e-44 1.17909e-44 1.80283e-05 4.90962e-06 0.999978
1.07415e-44 1.90358e-44 1.06759e-44 1.07262e-05 4.90956e-06 0.999983
1.01137e-44 1.89218e-44 1.00764e-44 8.01047e-06 4.90956e-06 0.999986
9.80967e-45 1.88676e-44 9.78608e-45 7.08465e-06 4.90956e-06 0.999988
9.71948e-45 1.88517e-44 9.69996e-45 6.86749e-06 4.90955e-06 0.999989
9.61758e-45 1.88364e-44 9.60286e-45 6.77712e-06 4.90955e-06 0.999988
9.69164e-45 1.88497e-44 9.6736e-45 6.94045e-06 4.90956e-06 0.999988
9.94482e-45 1.88954e-44 9.91544e-45 7.6645e-06 4.90956e-06 0.999988
1.04812e-44 1.89947e-44 1.04279e-44 9.91587e-06 4.90956e-06 0.999984
1.1514e-44 1.91904e-44 1.14147e-44 1.6384e-05 4.9096e-06 0.999978
1.34341e-44 1.9562e-44 1.32497e-44 3.38221e-05 4.9098e-06 0.999963
1.69213e-44 2.02488e-44 1.65832e-44 7.77823e-05 4.91053e-06 0.999919
2.31052e-44 2.14869e-44 2.2497e-44 0.000180816 4.91312e-06 0.99981
3.37594e-44 2.36596e-44 3.26927e-44 0.000403863 4.92202e-06 0.999585
5.14553e-44 2.73575e-44 4.96422e-44 0.000846431 4.95062e-06 0.999152
7.94869e-44 3.34257e-44 7.6524e-44 0.00164395 5.03517e-06 0.998364
1.21223e-43 4.29325e-44 1.16609e-43 0.00293409 5.26296e-06 0.99707
1.78454e-43 5.69098e-44 1.71675e-43 0.00477836 5.81112e-06 0.995212
2.48556e-43 7.5607e-44 2.39262e-43 0.00705351 6.94843e-06 0.992928
3.2141e-43 9.70808e-44 3.09649e-43 0.00937623 8.86191e-06 0.990601
3.78937e-43 1.15777e-43 3.65333e-43 0.0111571 1.11589e-05 0.988818
4.01218e-43 1.23575e-43 3.8693e-43 0.0118303 1.24052e-05 0.988144
3.78937e-43 1.15777e-43 3.65333e-43 0.0111571 1.11589e-05 0.988818
3.2141e-43 9.70808e-44 3.09649e-43 0.00937623 8.86191e-06 0.990601
2.48556e-43 7.5607e-44 2.39262e-43 0.00705351 6.94843e-06 0.992928
1.78454e-43 5.69098e-44 1.71675e-43 0.00477836 5.81112e-06 0.995212
1.21224e-43 4.29325e-44 1.16609e-43 0.00293409 5.26296e-06 0.99707
7.94873e-44 3.34258e-44 7.65243e-44 0.00164395 5.03517e-06 0.998364
5.14561e-44 2.73576e-44 4.9643e-44 0.000846431 4.95062e-06 0.999152
3.37611e-44 2.36597e-44 3.26943e-44 0.000403863 4.92202e-06 0.999585
2.31088e-44 2.14872e-44 2.25005e-44 0.000180817 4.91312e-06 0.99981
1.69287e-44 2.02496e-44 1.65902e-44 7.77828e-05 4.91053e-06 0.999919
1.34492e-44 1.95638e-44 1.3264e-44 3.38239e-05 4.9098e-06 0.999963
1.15444e-44 1.91944e-44 1.14436e-44 1.63909e-05 4.9096e-06 0.999978
1.05416e-44 1.90034e-44 1.04855e-44 9.94115e-06 4.90956e-06 0.999984
1.00637e-44 1.89139e-44 1.00289e-44 7.75378e-06 4.90956e-06 0.999987
9.92321e-45 1.88878e-44 9.89465e-45 7.24265e-06 4.90956e-06 0.999988
9.75056e-45 1.88602e-44 9.73e-45 7.00263e-06 4.90955e-06 0.999988
9.85972e-45 1.88807e-44 9.83432e-45 7.36087e-06 4.90956e-06 0.999988
1.02358e-44 1.89522e-44 1.01938e-44 8.95495e-06 4.90956e-06 0.999986
1.10441e-44 1.91091e-44 1.09663e-44 1.39363e-05 4.90959e-06 0.999981
1.26302e-44 1.94239e-44 1.24826e-44 2.83188e-05 4.90973e-06 0.999967
1.56467e-44 2.00342e-44 1.53669e-44 6.72757e-05 4.91032e-06 0.999929
2.12696e-44 2.11911e-44 2.07452e-44 0.000165927 4.9126e-06 0.999828
3.15365e-44 2.33413e-44 3.05704e-44 0.000398178 4.92122e-06 0.999592
4.98084e-44 2.72585e-44 4.80698e-44 0.000903261 4.95208e-06 0.999093
8.1259e-44 3.42442e-44 7.82239e-44 0.00191036 5.05553e-06 0.998096
1.33059e-43 4.64053e-44 1.27962e-43 0.00373498 5.37799e-06 0.996266
2.13524e-43 6.69339e-44 2.05366e-43 0.00670452 6.3009e-06 0.993276
3.29018e-43 1.00021e-43 3.1672e-43 0.0109782 8.6732e-06 0.98899
4.77515e-43 1.49291e-43 4.60264e-43 0.0162885 1.39574e-05 0.983683
6.39635e-43 2.12808e-43 6.17417e-43 0.0217484 2.35468e-05 0.978226
7.73549e-43 2.74573e-43 7.4758e-43 0.0259598 3.60174e-05 0.974008
8.27097e-43 3.02707e-43 7.99737e-43 0.0275578 4.34525e-05 0.972404
7.73549e-43 2.74573e-43 7.4758e-43 0.0259598 3.60174e-05 0.974008
6.39635e-43 2.12808e-43 6.17418e-43 0.0217484 2.35468e-05 0.978226
4.77515e-43 1.49291e-43 4.60264e-43 0.0162885 1.39574e-05 0.983683
3.29018e-43 1.00021e-43 3.1672e-43 0.0109782 8.6732e-06 0.98899
2.13524e-43 6.69339e-44 2.05367e-43 0.00670452 6.3009e-06 0.993276
1.3306e-43 4.64053e-44 1.27962e-43 0.00373498 5.37799e-06 0.996266
8.12601e-44 3.42443e-44 7.82249e-44 0.00191036 5.05553e-06 0.998096
4.98108e-44 2.72587e-44 4.80721e-44 0.000903261 4.95208e-06 0.999093
3.15414e-44 2.33419e-44 3.0575e-44 0.000398178 4.92122e-06 0.999592
2.12798e-44 2.11923e-44 2.07549e-44 0.000165928 4.9126e-06 0.999828
1.56676e-44 2.00369e-44 1.53869e-44 6.72796e-05 4.91032e-06 0.99993
1.26726e-44 1.94299e-44 1.25231e-44 2.83335e-05 4.90973e-06 0.999967
1.11293e-44 1.91222e-44 1.10477e-44 1.39908e-05 4.90959e-06 0.99998
1.04056e-44 1.89801e-44 1.03559e-44 9.14862e-06 4.90956e-06 0.999986
1.01946e-44 1.8939e-44 1.01542e-44 8.02088e-06 4.90956e-06 0.999988
9.91688e-45 1.88919e-44 9.88915e-45 7.43379e-06 4.90955e-06 0.999988
1.00716e-44 1.89223e-44 1.00371e-44 8.1684e-06 4.90956e-06 0.999987
1.06085e-44 1.90293e-44 1.05506e-44 1.14476e-05 4.90958e-06 0.999984
1.17783e-44 1.92672e-44 1.16693e-44 2.17385e-05 4.90966e-06 0.999973
1.41163e-44 1.97523e-44 1.39055e-44 5.15763e-05 4.91004e-06 0.999944
1.8662e-44 2.07127e-44 1.82543e-44 0.000132724 4.91172e-06 0.999863
2.73557e-44 2.25812e-44 2.65744e-44 0.000339033 4.91855e-06 0.999654
4.37012e-44 2.61693e-44 4.22269e-44 0.000826727 4.94542e-06 0.999166
7.37716e-44 3.29874e-44 7.10487e-44 0.001892 5.04593e-06 0.998109
1.27501e-43 4.58452e-44 1.22614e-43 0.00402658 5.40085e-06 0.995974
2.19807e-43 6.9971e-44 2.11358e-43 0.00791617 6.57562e-06 0.992066
3.70219e-43 1.14938e-43 3.56297e-43 0.0142889 1.01691e-05 0.985678
5.98244e-43 1.97064e-43 5.76661e-43 0.0235296 2.01012e-05 0.976447
9.10321e-43 3.38733e-43 8.79323e-43 0.035102 4.40368e-05 0.96488
1.27545e-42 5.52834e-43 1.23488e-42 0.0470868 9.13373e-05 0.952856
1.5986e-42 7.96161e-43 1.55089e-42 0.0563805 0.000158856 0.943489
1.73498e-42 9.23396e-43 1.68475e-42 0.0599155 0.000204268 0.939907
1.5986e-42 7.96161e-43 1.55089e-42 0.0563805 0.000158856 0.943489
1.27545e-42 5.52834e-43 1.23488e-42 0.0470868 9.13373e-05 0.952856
9.10321e-43 3.38733e-43 8.79323e-43 0.035102 4.40368e-05 0.96488
5.98244e-43 1.97064e-43 5.76662e-43 0.0235296 2.01012e-05 0.976447
3.70219e-43 1.14938e-43 3.56297e-43 0.0142889 1.01691e-05 0.985678
2.19808e-43 6.9971e-44 2.11359e-43 0.00791617 6.57562e-06 0.992066
1.27502e-43 4.58453e-44 1.22615e-43 0.00402658 5.40085e-06 0.995974
7.37747e-44 3.29877e-44 7.10516e-44 0.001892 5.04593e-06 0.998109
4.37077e-44 2.61701e-44 4.22331e-44 0.000826727 4.94542e-06 0.999166
2.73692e-44 2.25829e-44 2.65873e-44 0.000339035 4.91855e-06 0.999654
1.869e-44 2.07165e-44 1.8281e-44 0.000132732 4.91172e-06 0.999863
1.41736e-44 1.97609e-44 1.39602e-44 5.16058e-05 4.91005e-06 0.999944
1.18945e-44 1.9286e-44 1.17802e-44 2.18484e-05 4.90965e-06 0.999973
1.08422e-44 1.90699e-44 1.07738e-44 1.18411e-05 4.90957e-06 0.999983
1.05381e-44 1.9008e-44 1.0483e-44 9.51695e-06 4.90956e-06 0.999986
1.01137e-44 1.89317e-44 1.00777e-44 8.19451e-06 4.90955e-06 0.999987
1.03239e-44 1.8975e-44 1.02788e-44 9.59852e-06 4.90956e-06 0.999986
1.10584e-44 1.91283e-44 1.09815e-44 1.58822e-05 4.90961e-06 0.999979
1.26786e-44 1.94728e-44 1.25318e-44 3.56699e-05 4.90982e-06 0.999959
1.59718e-44 2.01864e-44 1.56833e-44 9.32424e-05 4.91082e-06 0.999902
2.25089e-44 2.16281e-44 2.19404e-44 0.000250346 4.91526e-06 0.999745
3.53213e-44 2.45073e-44 3.42088e-44 0.000651124 4.93421e-06 0.999342
6.01097e-44 3.02306e-44 5.79607e-44 0.00160197 5.01209e-06 0.998393
1.07254e-43 4.1634e-44 1.0318e-43 0.00368749 5.3182e-06 0.996312
1.94823e-43 6.46245e-44 1.87301e-43 0.00788697 6.46384e-06 0.992105
3.52319e-43 1.12006e-43 3.38915e-43 0.0155844 1.05115e-05 0.98439
6.23557e-43 2.12221e-43 6.00781e-43 0.0282827 2.38169e-05 0.971691
1.06404e-42 4.2668e-43 1.02773e-42 0.0468288 6.36104e-05 0.953142
1.72176e-42 8.70954e-43 1.66858e-42 0.0702001 0.000168195 0.92967
2.57806e-42 1.68902e-42 2.50829e-42 0.0944857 0.000395915 0.905118
3.4283e-42 2.82695e-42 3.34784e-42 0.113284 0.000759415 0.88593
3.82392e-42 3.55937e-42 3.74107e-42 0.12037 0.00104625 0.878555
3.4283e-42 2.82695e-42 3.34784e-42 0.113284 0.000759415 0.88593
2.57806e-42 1.68902e-42 2.50829e-42 0.0944857 0.000395915 0.905118
1.72176e-42 8.70954e-43 1.66858e-42 0.0702001 0.000168195 0.92967
1.06404e-42 4.2668e-43 1.02773e-42 0.0468288 6.36104e-05 0.953142
6.23558e-43 2.12221e-43 6.00781e-43 0.0282827 2.38169e-05 0.971691
3.5232e-43 1.12006e-43 3.38916e-43 0.0155844 1.05115e-05 0.98439
1.94825e-43 6.46247e-44 1.87303e-43 0.00788697 6.46384e-06 0.992105
1.07258e-43 4.16344e-44 1.03184e-43 0.00368749 5.3182e-06 0.996312
6.0118e-44 3.02316e-44 5.79687e-44 0.00160197 5.01209e-06 0.998393
3.53388e-44 2.45096e-44 3.42255e-44 0.000651128 4.93421e-06 0.999342
2.25453e-44 2.16333e-44 2.19751e-44 0.00025036 4.91526e-06 0.999745
1.60466e-44 2.01983e-44 1.57547e-44 9.32978e-05 4.91082e-06 0.999902
1.28312e-44 1.94988e-44 1.26776e-44 3.58773e-05 4.90982e-06 0.999959
1.13681e-44 1.91848e-44 1.12776e-44 1.66284e-05 4.90961e-06 0.999978
1.09486e-44 1.90956e-44 1.08762e-44 1.21683e-05 4.90957e-06 0.999983
1.03328e-44 1.8979e-44 1.02877e-44 9.42713e-06 4.90956e-06 0.999986
1.06059e-44 1.90379e-44 1.05491e-44 1.19223e-05 4.90958e-06 0.999983
1.15657e-44 1.92472e-44 1.14679e-44 2.3112e-05 4.90967e-06 0.999972
1.37053e-44 1.97224e-44 1.35163e-44 5.84436e-05 4.91016e-06 0.999936
1.81187e-44 2.07208e-44 1.77418e-44 0.000161514 4.91252e-06 0.999834
2.70417e-44 2.27756e-44 2.62868e-44 0.000443508 4.92336e-06 0.999552
4.49245e-44 2.69846e-44 4.34189e-44 0.00116484 4.97162e-06 0.998829
8.04636e-44 3.5654e-44 7.74906e-44 0.00288139 5.17934e-06 0.997114
1.50278e-43 5.38498e-44 1.44499e-43 0.00666014 6.04134e-06 0.993337
2.85194e-43 9.34732e-44 2.74215e-43 0.0143037 9.47397e-06 0.985682
5.40237e-43 1.84694e-43 5.20058e-43 0.0283902 2.24735e-05 0.97158
1.00926e-42 4.08327e-43 9.73904e-43 0.0517598 6.86134e-05 0.948187
1.84361e-42 9.81162e-43 1.78591e-42 0.0860257 0.000218858 0.913785
3.26104e-42 2.43694e-42 3.17654e-42 0.129151 0.000654166 0.870176
5.45038e-42 5.79747e-42 5.34575e-42 0.173455 0.00172263 0.824743
8.0738e-42 1.18014e-41 7.97176e-42 0.206762 0.00371763 0.789455
9.51228e-42 1.70604e-41 9.42716e-42 0.218495 0.00573278 0.775735
8.0738e-42 1.18014e-41 7.97176e-42 0.206762 0.00371763 0.789455
5.45038e-42 5.79747e-42 5.34575e-42 0.173455 0.00172263 0.824743
3.26104e-42 2.43694e-42 3.17654e-42 0.129151 0.000654166 0.870176
1.84361e-42 9.81162e-43 1.78591e-42 0.0860257 0.000218858 0.913785
1.00926e-42 4.08327e-43 9.73904e-43 0.0517598 6.86134e-05 0.948187
5.40238e-43 1.84694e-43 5.20059e-43 0.0283902 2.24735e-05 0.97158
2.85196e-43 9.34735e-44 2.74217e-43 0.0143037 9.47397e-06 0.985682
1.50283e-43 5.38503e-44 1.44504e-43 0.00666015 6.04134e-06 0.993337
8.0474e-44 3.56553e-44 7.75005e-44 0.00288139 5.17934e-06 0.997114
4.49464e-44 2.69876e-44 4.34398e-44 0.00116484 4.97162e-06 0.998829
2.70872e-44 2.27826e-44 2.63302e-44 0.000443533 4.92336e-06 0.999552
1.82128e-44 2.07365e-44 1.78317e-44 0.000161611 4.91252e-06 0.999834
1.38984e-44 1.97571e-44 1.37009e-44 5.88083e-05 4.91016e-06 0.999936
1.196e-44 1.93227e-44 1.18452e-44 2.44303e-05 4.90968e-06 0.999971
1.14082e-44 1.92001e-44 1.13169e-44 1.64787e-05 4.9096e-06 0.999979
1.05604e-44 1.90316e-44 1.05062e-44 1.12539e-05 4.90957e-06 0.999984
1.0899e-44 1.91078e-44 1.08304e-44 1.53727e-05 4.9096e-06 0.99998
1.20942e-44 1.93801e-44 1.19752e-44 3.38693e-05 4.9098e-06 0.999961
1.47802e-44 2.00031e-44 1.45481e-44 9.23801e-05 4.91082e-06 0.999903
2.03844e-44 2.13269e-44 1.99164e-44 0.000263377 4.91584e-06 0.999732
3.18841e-44 2.40953e-44 3.0934e-44 0.000732028 4.93981e-06 0.999263
5.53656e-44 2.98969e-44 5.34399e-44 0.00193305 5.05104e-06 0.998061
1.0314e-43 4.22663e-44 9.92627e-44 0.00479746 5.55358e-06 0.995198
1.9983e-43 6.96563e-44 1.92116e-43 0.0111207 7.75968e-06 0.988874
3.94084e-43 1.34404e-43 3.79029e-43 0.0239561 1.71266e-05 0.976023
7.81367e-43 3.02069e-43 7.52868e-43 0.0476972 5.52468e-05 0.952245
1.55154e-42 7.80755e-43 1.50023e-42 0.0871501 0.00020189 0.912662
3.09967e-42 2.2505e-42 3.01514e-42 0.144699 0.000725998 0.854575
6.27329e-42 6.85802e-42 6.15675e-42 0.215659 0.0024398 0.781847
1.2588e-41 2.05004e-41 1.24877e-41 0.284953 0.00751817 0.707486
2.24067e-41 5.35024e-41 2.24509e-41 0.330443 0.0203289 0.649309
2.90131e-41 9.87673e-41 2.92603e-41 0.338044 0.0411381 0.620959
2.24067e-41 5.35024e-41 2.24509e-41 0.330443 0.0203289 0.649309
1.2588e-41 2.05004e-41 1.24877e-41 0.284953 0.00751817 0.707486
6.27329e-42 6.85802e-42 6.15675e-42 0.215659 0.0024398 0.781847
3.09967e-42 2.2505e-42 3.01514e-42 0.144699 0.000725998 0.854575
1.55154e-42 7.80755e-43 1.50023e-42 0.0871501 0.00020189 0.912662
7.81368e-43 3.0207e-43 7.52869e-43 0.0476972 5.52468e-05 0.952245
3.94087e-43 1.34404e-43 3.79032e-43 0.0239561 1.71266e-05 0.976023
1.99836e-43 6.9657e-44 1.92122e-43 0.0111207 7.75968e-06 0.988874
1.03153e-43 4.2268e-44 9.92746e-44 0.00479746 5.55358e-06 0.995198
5.5392e-44 2.99008e-44 5.34651e-44 0.00193306 5.05104e-06 0.998061
3.19392e-44 2.41041e-44 3.09866e-44 0.000732069 4.93981e-06 0.999263
2.04986e-44 2.13468e-44 2.00255e-44 0.000263535 4.91584e-06 0.999732
1.50153e-44 2.00473e-44 1.4773e-44 9.29776e-05 4.91082e-06 0.999902
1.25765e-44 1.94768e-44 1.2437e-44 3.60358e-05 4.9098e-06 0.999959
1.18859e-44 1.93166e-44 1.17754e-44 2.28809e-05 4.90964e-06 0.999973
1.07791e-44 1.90859e-44 1.07163e-44 1.37233e-05 4.90958e-06 0.999981
1.11793e-44 1.918e-44 1.10999e-44 2.00409e-05 4.90963e-06 0.999975
1.25958e-44 1.95171e-44 1.24575e-44 4.84355e-05 4.91e-06 0.999946
1.57947e-44 2.02922e-44 1.55233e-44 0.000138347 4.91189e-06 0.999857
2.25171e-44 2.19523e-44 2.1966e-44 0.000401344 4.92146e-06 0.999594
3.64485e-44 2.54645e-44 3.53196e-44 0.00112272 4.9687e-06 0.998872
6.52775e-44 3.29612e-44 6.29622e-44 0.00297295 5.19695e-06 0.997021
1.24992e-43 4.94298e-44 1.2026e-43 0.00739044 6.27791e-06 0.992604
2.48845e-43 8.77303e-44 2.39248e-43 0.0171562 1.12911e-05 0.982834
5.06484e-43 1.85453e-43 4.87323e-43 0.037009 3.39605e-05 0.962954
1.04815e-42 4.67115e-43 1.01095e-42 0.0737274 0.000133064 0.926138
2.22463e-42 1.38702e-42 2.15631e-42 0.134362 0.000547259 0.865099
4.97808e-42 4.70352e-42 4.8673e-42 0.22084 0.0021951 0.77696
1.21755e-41 1.7376e-41 1.20537e-41 0.321447 0.00865498 0.669872
3.18328e-41 6.57173e-41 3.19312e-41 0.403774 0.0363714 0.559905
6.9731e-41 2.20498e-40 7.06989e-41 0.405496 0.153644 0.441023
8.28157e-41 5.59831e-40 8.48228e-41 0.253617 0.499637 0.246565
6.9731e-41 2.20498e-40 7.06989e-41 0.405496 0.153644 0.441023
3.18328e-41 6.57173e-41 3.19312e-41 0.403774 0.0363714 0.559905
1.21755e-41 1.7376e-41 1.20537e-41 0.321447 0.00865498 0.669872
4.97808e-42 4.70352e-42 4.8673e-42 0.22084 0.0021951 0.77696
2.22463e-42 1.38702e-42 2.15631e-42 0.134362 0.000547259 0.865099
1.04815e-42 4.67115e-43 1.01096e-42 0.0737274 0.000133064 0.926138
5.06488e-43 1.85454e-43 4.87326e-43 0.037009 3.39605e-05 0.962954
2.48852e-43 8.77313e-44 2.39255e-43 0.0171562 1.12911e-05 0.982835
1.25007e-43 4.94319e-44 1.20274e-43 0.00739044 6.27791e-06 0.992604
6.53084e-44 3.29659e-44 6.29917e-44 0.00297296 5.19695e-06 0.997021
3.65129e-44 2.54753e-44 3.53812e-44 0.00112278 4.9687e-06 0.998872
2.26506e-44 2.19766e-44 2.20938e-44 0.000401585 4.92146e-06 0.999594
1.60702e-44 2.03463e-44 1.57871e-44 0.000139258 4.91189e-06 0.999855
1.31623e-44 1.96357e-44 1.30001e-44 5.17486e-05 4.91001e-06 0.999943
1.23415e-44 1.94368e-44 1.22135e-44 3.15446e-05 4.90971e-06 0.999964
1.0971e-44 1.9138e-44 1.09011e-44 1.67656e-05 4.90959e-06 0.999978
1.14225e-44 1.92488e-44 1.13341e-44 2.5792e-05 4.90968e-06 0.999969
1.30209e-44 1.96463e-44 1.2867e-44 6.63728e-05 4.91026e-06 0.999929
1.66342e-44 2.05621e-44 1.63321e-44 0.0001949 4.91336e-06 0.9998
2.42432e-44 2.25301e-44 2.36287e-44 0.00057086 4.92945e-06 0.999425
4.00708e-44 2.67198e-44 3.88075e-44 0.0016019 5.01121e-06 0.998393
7.30252e-44 3.57653e-44 7.04189e-44 0.00424567 5.42025e-06 0.995748
1.4195e-43 5.60574e-44 1.36576e-43 0.010556 7.43866e-06 0.989437
2.87097e-43 1.05002e-43 2.76073e-43 0.0245002 1.72604e-05 0.975485
5.96627e-43 2.37161e-43 5.74286e-43 0.0528051 6.42163e-05 0.947128
1.2764e-42 6.48215e-43 1.23232e-42 0.104856 0.000283213 0.894858
2.87961e-42 2.11992e-42 2.79789e-42 0.189274 0.00127495 0.809458
7.25467e-42 8.04772e-42 7.12749e-42 0.304102 0.00575269 0.690146
2.18647e-41 3.40663e-41 2.17884e-41 0.42095 0.0291456 0.549893
7.24765e-41 1.41806e-40 7.30354e-41 0.431803 0.20231 0.365915
8.86968e-41 2.15508e-40 8.97472e-41 0.136229 0.780427 0.083307
6.42553e-41 2.00637e-40 6.51459e-41 0.0591259 0.910398 0.0302438
8.86968e-41 2.15508e-40 8.97472e-41 0.136229 0.780427 0.083307
7.24765e-41 1.41806e-40 7.30354e-41 0.431803 0.20231 0.365915
2.18647e-41 3.40663e-41 2.17884e-41 0.42095 0.0291456 0.549893
7.25467e-42 8.04772e-42 7.12749e-42 0.304102 0.00575269 0.690146
2.87961e-42 2.11992e-42 2.79789e-42 0.189274 0.00127495 0.809458
1.27641e-42 6.48215e-43 1.23232e-42 0.104856 0.000283213 0.894858
5.96631e-43 2.37161e-43 5.74289e-43 0.0528051 6.42163e-05 0.947128
2.87105e-43 1.05003e-43 2.76081e-43 0.0245002 1.72604e-05 0.975485
1.41966e-43 5.60599e-44 1.36592e-43 0.010556 7.43866e-06 0.989437
7.30602e-44 3.5771e-44 7.04524e-44 0.0042457 5.42025e-06 0.995748
4.01438e-44 2.67326e-44 3.88772e-44 0.00160199 5.01121e-06 0.998393
2.43942e-44 2.25588e-44 2.37734e-44 0.000571202 4.92945e-06 0.999424
1.69455e-44 2.06257e-44 1.66304e-44 0.000196199 4.91336e-06 0.999799
1.36605e-44 1.97858e-44 1.34801e-44 7.10989e-05 4.91028e-06 0.999924
1.27341e-44 1.95511e-44 1.25917e-44 4.22183e-05 4.90981e-06 0.999953
1.11221e-44 1.9184e-44 1.10471e-44 2.01878e-05 4.90961e-06 0.999975
1.16094e-44 1.9309e-44 1.15148e-44 3.22561e-05 4.90973e-06 0.999963
1.33313e-44 1.97567e-44 1.31673e-44 8.65044e-05 4.91056e-06 0.999908
1.72118e-44 2.07871e-44 1.68912e-44 0.000258251 4.91504e-06 0.999737
2.53555e-44 2.29991e-44 2.47057e-44 0.000760278 4.93872e-06 0.999235
4.22409e-44 2.77083e-44 4.09083e-44 0.00213568 5.06169e-06 0.997859
7.73143e-44 3.7906e-44 7.45693e-44 0.00565799 5.69235e-06 0.994335
1.50613e-43 6.09812e-44 1.44954e-43 0.0140517 8.89487e-06 0.98594
3.05284e-43 1.17603e-43 2.93656e-43 0.0325561 2.50001e-05 0.967421
6.37588e-43 2.7449e-43 6.13964e-43 0.0699391 0.000104931 0.929954
1.3815e-42 7.77224e-43 1.33482e-42 0.137876 0.000494194 0.861625
3.21579e-42 2.63074e-42 3.12979e-42 0.244844 0.00236111 0.752802
8.67574e-42 1.03361e-41 8.5481e-42 0.380262 0.0118137 0.607933
2.89511e-41 4.49325e-41 2.8918e-41 0.482194 0.0784535 0.439348
7.21082e-41 1.29783e-40 7.25799e-41 0.189616 0.707855 0.102531
3.97515e-41 7.92539e-41 3.99298e-41 0.0358896 0.952072 0.0120829
2.88517e-41 6.27403e-41 2.89364e-41 0.0161592 0.979638 0.00421168
3.97515e-41 7.92539e-41 3.99298e-41 0.0358896 0.952072 0.0120829
7.21082e-41 1.29783e-40 7.25799e-41 0.189616 0.707855 0.102531
2.89511e-41 4.49325e-41 2.8918e-41 0.482194 0.0784535 0.439348
8.67574e-42 1.03361e-41 8.5481e-42 0.380262 0.0118137 0.607933
3.21579e-42 2.63074e-42 3.12979e-42 0.244844 0.00236111 0.752802
1.3815e-42 7.77225e-43 1.33482e-42 0.137876 0.000494194 0.861625
6.37592e-43 2.74491e-43 6.13968e-43 0.0699391 0.000104931 0.929954
3.05293e-43 1.17604e-43 2.93665e-43 0.0325561 2.50001e-05 0.967422
1.50631e-43 6.09841e-44 1.44971e-43 0.0140518 8.89487e-06 0.98594
7.73529e-44 3.79125e-44 7.46062e-44 0.00565802 5.69234e-06 0.994335
4.2321e-44 2.77229e-44 4.0985e-44 0.00213579 5.06169e-06 0.997859
2.5521e-44 2.30316e-44 2.48642e-44 0.000760735 4.93872e-06 0.999235
1.75519e-44 2.08593e-44 1.72173e-44 0.000259985 4.91504e-06 0.999735
1.40274e-44 1.99146e-44 1.3835e-44 9.28197e-05 4.91059e-06 0.999902
1.30318e-44 1.96504e-44 1.28795e-44 5.42139e-05 4.90991e-06 0.999941
1.12256e-44 1.92211e-44 1.11475e-44 2.37184e-05 4.90962e-06 0.999971
1.17312e-44 1.93567e-44 1.16332e-44 3.89169e-05 4.90978e-06 0.999956
1.35112e-44 1.98412e-44 1.33429e-44 0.000107206 4.91083e-06 0.999888
1.74961e-44 2.09517e-44 1.71701e-44 0.000323233 4.91658e-06 0.999672
2.57873e-44 2.33236e-44 2.51324e-44 0.00095397 4.94734e-06 0.999042
4.28117e-44 2.83459e-44 4.14804e-44 0.00267939 5.10908e-06 0.997316
7.78005e-44 3.91667e-44 7.50821e-44 0.00708969 5.94906e-06 0.992903
1.50102e-43 6.35594e-44 1.44547e-43 0.0175737 1.02696e-05 0.982416
3.00865e-43 1.23246e-43 2.8956e-43 0.0406016 3.22609e-05 0.959369
6.20813e-43 2.87687e-43 5.981e-43 0.086805 0.000142451 0.913051
1.32852e-42 8.05979e-43 1.2843e-42 0.16951 0.000681674 0.829803
3.0551e-42 2.64994e-42 2.97532e-42 0.295452 0.00326893 0.701284
8.11161e-42 9.849e-42 7.99597e-42 0.444065 0.0165145 0.539433
2.54838e-41 3.82381e-41 2.54314e-41 0.525734 0.11382 0.360441
3.74714e-41 6.18786e-41 3.75363e-41 0.0994395 0.863777 0.0367692
1.93052e-41 3.26043e-41 1.92361e-41 0.017411 0.979128 0.00349757
1.46646e-41 2.50857e-41 1.45673e-41 0.00748838 0.991403 0.0011597
1.93052e-41 3.26043e-41 1.92361e-41 0.017411 0.979128 0.00349757
3.74714e-41 6.18786e-41 3.75363e-41 0.0994395 0.863777 0.0367692
2.54838e-41 3.82381e-41 2.54314e-41 0.525734 0.11382 0.360441
8.11161e-42 9.849e-42 7.99597e-42 0.444065 0.0165145 0.539433
3.05511e-42 2.64994e-42 2.97532e-42 0.295452 0.00326893 0.701284
1.32852e-42 8.0598e-43 1.2843e-42 0.16951 0.000681674 0.829803
6.20818e-43 2.87688e-43 5.98104e-43 0.086805 0.000142451 0.913051
3.00875e-43 1.23248e-43 2.89569e-43 0.0406016 3.22609e-05 0.959369
1.50122e-43 6.35627e-44 1.44566e-43 0.0175737 1.02696e-05 0.982416
7.7842e-44 3.91739e-44 7.51218e-44 0.00708973 5.94906e-06 0.992903
4.28974e-44 2.8362e-44 4.15625e-44 0.00267954 5.10908e-06 0.997316
2.59636e-44 2.33594e-44 2.53014e-44 0.000954544 4.94734e-06 0.999041
1.78564e-44 2.10308e-44 1.75158e-44 0.000325417 4.91658e-06 0.999669
1.42446e-44 2.00137e-44 1.40469e-44 0.000115161 4.91086e-06 0.99988
1.32201e-44 1.97286e-44 1.30629e-44 6.65725e-05 4.91e-06 0.999929
1.12823e-44 1.92484e-44 1.12033e-44 2.70829e-05 4.90963e-06 0.999968
1.17905e-44 1.93907e-44 1.16918e-44 4.52557e-05 4.90981e-06 0.99995
1.357e-44 1.98978e-44 1.34026e-44 0.000126866 4.91103e-06 0.999868
1.75166e-44 2.10535e-44 1.71965e-44 0.000384788 4.91775e-06 0.99961
2.56273e-44 2.35032e-44 2.49927e-44 0.00113688 4.95396e-06 0.998859
4.20388e-44 2.86429e-44 4.07667e-44 0.00319089 5.14562e-06 0.996804
7.52098e-44 3.96002e-44 7.26505e-44 0.00843026 6.14708e-06 0.991562
1.42475e-43 6.39983e-44 1.37328e-43 0.0208518 1.13244e-05 0.979136
2.79764e-43 1.22754e-43 2.69474e-43 0.0480275 3.77597e-05 0.951938
5.63982e-43 2.80772e-43 5.43726e-43 0.102161 0.000170166 0.897668
1.17458e-42 7.60072e-43 1.13608e-42 0.197616 0.000814125 0.801564
2.61409e-42 2.37191e-42 2.54652e-42 0.338596 0.00386297 0.657542
6.65695e-42 8.2145e-42 6.56053e-42 0.49574 0.0192056 0.485068
1.95704e-41 2.89398e-41 1.95084e-41 0.563854 0.129644 0.306506
2.25168e-41 3.51862e-41 2.24759e-41 0.0865082 0.889413 0.0240447
1.16096e-41 1.77121e-41 1.15095e-41 0.0142946 0.983639 0.00204325
9.04469e-42 1.35185e-41 8.93466e-42 0.00564522 0.99372 0.000621568
1.16096e-41 1.77121e-41 1.15095e-41 0.0142946 0.983639 0.00204325
2.25168e-41 3.51862e-41 2.24759e-41 0.0865082 0.889413 0.0240447
1.95704e-41 2.89398e-41 1.95084e-41 0.563854 0.129644 0.306506
6.65695e-42 8.2145e-42 6.56053e-42 0.49574 0.0192056 0.485068
2.61409e-42 2.37191e-42 2.54653e-42 0.338596 0.00386297 0.657542
1.17458e-42 7.60072e-43 1.13608e-42 0.197616 0.000814125 0.801564
5.63986e-43 2.80773e-43 5.43731e-43 0.102161 0.000170166 0.897668
2.79774e-43 1.22755e-43 2.69484e-43 0.0480275 3.77597e-05 0.951938
1.42496e-43 6.40018e-44 1.37348e-43 0.0208518 1.13244e-05 0.979136
7.52533e-44 3.96081e-44 7.26922e-44 0.00843031 6.14708e-06 0.991562
4.21284e-44 2.86603e-44 4.08526e-44 0.00319107 5.14562e-06 0.996804
2.58104e-44 2.35416e-44 2.51685e-44 0.00113757 4.95396e-06 0.998858
1.78887e-44 2.11378e-44 1.75538e-44 0.0003874 4.91775e-06 0.999607
1.4322e-44 2.0081e-44 1.4125e-44 0.000136382 4.91107e-06 0.999859
1.33042e-44 1.97835e-44 1.31465e-44 7.83315e-05 4.91006e-06 0.999917
1.12999e-44 1.92662e-44 1.12215e-44 3.00695e-05 4.90963e-06 0.999965
1.17988e-44 1.9412e-44 1.17015e-44 5.08766e-05 4.90983e-06 0.999944
1.35354e-44 1.99297e-44 1.33727e-44 0.000144268 4.91115e-06 0.999851
1.73458e-44 2.11019e-44 1.70394e-44 0.000439162 4.91849e-06 0.999556
2.50654e-44 2.35656e-44 2.44677e-44 0.00129804 4.95827e-06 0.998697
4.04212e-44 2.86804e-44 3.92433e-44 0.00364015 5.16985e-06 0.996355
7.08551e-44 3.94469e-44 6.85288e-44 0.00960316 6.2795e-06 0.99039
1.31212e-43 6.30476e-44 1.26628e-43 0.0237058 1.20312e-05 0.976281
2.51334e-43 1.18724e-43 2.42369e-43 0.0544485 4.14258e-05 0.945512
4.9294e-43 2.64197e-43 4.75723e-43 0.11529 0.000188338 0.884523
9.95135e-43 6.88157e-43 9.63319e-43 0.221159 0.000897819 0.777939
2.1375e-42 2.04439e-42 2.08334e-42 0.373528 0.00421086 0.622259
5.23647e-42 6.70325e-42 5.16121e-42 0.535949 0.0205346 0.443525
1.4771e-41 2.23444e-41 1.47199e-41 0.595564 0.134796 0.26965
1.59232e-41 2.5008e-41 1.58779e-41 0.0897411 0.889897 0.0203498
8.24724e-42 1.24065e-41 8.16442e-42 0.0146651 0.983634 0.00168203
6.49203e-42 9.45222e-42 6.4034e-42 0.00559173 0.993898 0.000491372
8.24724e-42 1.24065e-41 8.16442e-42 0.0146651 0.983634 0.00168203
1.59232e-41 2.5008e-41 1.58779e-41 0.0897411 0.889897 0.0203498
1.4771e-41 2.23444e-41 1.47199e-41 0.595564 0.134796 0.26965
5.23647e-42 6.70325e-42 5.16121e-42 0.535949 0.0205346 0.443525
2.1375e-42 2.04439e-42 2.08334e-42 0.373528 0.00421086 0.622259
9.95138e-43 6.88157e-43 9.63321e-43 0.221159 0.000897819 0.777939
4.92945e-43 2.64198e-43 4.75727e-43 0.11529 0.000188338 0.884523
2.51345e-43 1.18726e-43 2.42379e-43 0.0544485 4.14258e-05 0.945512
1.31234e-43 6.30514e-44 1.26648e-43 0.0237058 1.20312e-05 0.976281
7.09e-44 3.94551e-44 6.85718e-44 0.00960322 6.2795e-06 0.990389
4.05131e-44 2.86986e-44 3.93314e-44 0.00364035 5.16984e-06 0.996355
2.52522e-44 2.36057e-44 2.46471e-44 0.00129882 4.95827e-06 0.998697
1.77226e-44 2.11898e-44 1.74015e-44 0.000442156 4.91849e-06 0.999552
1.42907e-44 2.01195e-44 1.40988e-44 0.000155171 4.91119e-06 0.99984
1.33048e-44 1.98171e-44 1.315e-44 8.87571e-05 4.9101e-06 0.999907
1.12896e-44 1.92762e-44 1.12128e-44 3.25619e-05 4.90964e-06 0.999962
1.17723e-44 1.9423e-44 1.16778e-44 5.55643e-05 4.90984e-06 0.99994
1.3443e-44 1.99426e-44 1.32872e-44 0.000158765 4.91121e-06 0.999836
1.70699e-44 2.11123e-44 1.6781e-44 0.000484393 4.91889e-06 0.99951
2.4314e-44 2.35507e-44 2.37598e-44 0.00143185 4.96073e-06 0.998563
3.84811e-44 2.85632e-44 3.74085e-44 0.00401232 5.18419e-06 0.995983
6.60207e-44 3.89893e-44 6.39431e-44 0.0105721 6.35987e-06 0.989421
1.19466e-43 6.1509e-44 1.15458e-43 0.0260548 1.24668e-05 0.973931
2.23306e-43 1.13636e-43 2.15645e-43 0.0597053 4.3698e-05 0.940252
4.26693e-43 2.46478e-43 4.12344e-43 0.125942 0.000199516 0.873861
8.37558e-43 6.21722e-43 8.11766e-43 0.239939 0.000947699 0.759112
1.74709e-42 1.78198e-42 1.70454e-42 0.400612 0.00440207 0.594982
4.16674e-42 5.65366e-42 4.11007e-42 0.566079 0.0211168 0.412804
1.15369e-41 1.84302e-41 1.15043e-41 0.620122 0.135484 0.244398
1.2559e-41 2.07935e-41 1.25327e-41 0.0956166 0.885677 0.0187163
6.55361e-42 1.03708e-41 6.49397e-42 0.0157226 0.982733 0.001552
5.18234e-42 7.92546e-42 5.11702e-42 0.00596461 0.993592 0.000449677
6.55361e-42 1.03708e-41 6.49397e-42 0.0157226 0.982733 0.001552
1.2559e-41 2.07935e-41 1.25327e-41 0.0956166 0.885677 0.0187163
1.15369e-41 1.84302e-41 1.15043e-41 0.620122 0.135484 0.244398
4.16674e-42 5.65366e-42 4.11007e-42 0.566079 0.0211168 0.412804
1.74709e-42 1.78198e-42 1.70454e-42 0.400612 0.00440207 0.594982
8.37561e-43 6.21722e-43 8.11769e-43 0.239939 0.000947699 0.759112
4.26698e-43 2.46479e-43 4.12349e-43 0.125942 0.000199516 0.873861
2.23317e-43 1.13638e-43 2.15655e-43 0.0597053 4.3698e-05 0.940252
1.19489e-43 6.15129e-44 1.15479e-43 0.0260548 1.24668e-05 0.973931
6.60663e-44 3.89978e-44 6.39868e-44 0.0105721 6.35986e-06 0.989421
3.85741e-44 2.8582e-44 3.74977e-44 0.00401255 5.18419e-06 0.995983
2.45018e-44 2.35919e-44 2.39402e-44 0.00143272 4.96073e-06 0.998562
1.74462e-44 2.12022e-44 1.71427e-44 0.000487705 4.91889e-06 0.999507
1.41911e-44 2.01361e-44 1.40068e-44 0.000170825 4.91125e-06 0.999824
1.32496e-44 1.98337e-44 1.30998e-44 9.74509e-05 4.91011e-06 0.999898
1.1263e-44 1.92805e-44 1.11884e-44 3.45345e-05 4.90963e-06 0.99996
1.17273e-44 1.94269e-44 1.16361e-44 5.92738e-05 4.90984e-06 0.999936
1.33261e-44 1.99434e-44 1.31776e-44 0.000170231 4.91123e-06 0.999825
1.67641e-44 2.11003e-44 1.64931e-44 0.000520142 4.91906e-06 0.999475
2.35457e-44 2.34963e-44 2.30337e-44 0.0015375 4.96197e-06 0.998457
3.66133e-44 2.83827e-44 3.56391e-44 0.00430573 5.19198e-06 0.99569
6.15966e-44 3.84505e-44 5.97436e-44 0.0113344 6.40564e-06 0.988659
1.09208e-43 5.99478e-44 1.05701e-43 0.0278981 1.27224e-05 0.972088
1.99924e-43 1.09002e-43 1.9336e-43 0.0638138 4.50521e-05 0.936141
3.73997e-43 2.31827e-43 3.61971e-43 0.134206 0.000206165 0.865589
7.18552e-43 5.71879e-43 6.97457e-43 0.254312 0.000976464 0.744713
1.46894e-42 1.60388e-42 1.43517e-42 0.42086 0.00450237 0.574637
3.4522e-42 5.01004e-42 3.40965e-42 0.587974 0.0213301 0.390693
9.52149e-42 1.62773e-41 9.50636e-42 0.638213 0.134643 0.22714
1.07086e-41 1.90425e-41 1.07033e-41 0.100896 0.881341 0.0177688
5.63899e-42 9.62515e-42 5.59882e-42 0.0167026 0.981817 0.00148511
4.47185e-42 7.39436e-42 4.42506e-42 0.00635019 0.993222 0.00043065
5.63899e-42 9.62515e-42 5.59882e-42 0.0167026 0.981817 0.00148511
1.07086e-41 1.90425e-41 1.07033e-41 0.100896 0.881341 0.0177688
9.5215e-42 1.62773e-41 9.50636e-42 0.638213 0.134643 0.22714
3.4522e-42 5.01004e-42 3.40965e-42 0.587974 0.0213301 0.390693
1.46894e-42 1.60388e-42 1.43517e-42 0.42086 0.00450237 0.574637
7.18555e-43 5.7188e-43 6.97459e-43 0.254312 0.000976464 0.744713
3.74002e-43 2.31828e-43 3.61976e-43 0.134206 0.000206165 0.865589
1.99935e-43 1.09004e-43 1.9337e-43 0.0638138 4.50521e-05 0.936141
1.0923e-43 5.99519e-44 1.05723e-43 0.0278982 1.27224e-05 0.972088
6.16426e-44 3.84592e-44 5.97877e-44 0.0113345 6.40564e-06 0.988659
3.67065e-44 2.84018e-44 3.57285e-44 0.00430597 5.19198e-06 0.99569
2.37328e-44 2.35382e-44 2.32136e-44 0.00153843 4.96196e-06 0.998456
1.71366e-44 2.11912e-44 1.68513e-44 0.000523705 4.91907e-06 0.999471
1.4061e-44 2.01382e-44 1.38851e-44 0.000183206 4.91127e-06 0.999812
1.31663e-44 1.98386e-44 1.30221e-44 0.00010433 4.91011e-06 0.999891
1.12299e-44 1.92813e-44 1.11575e-44 3.6027e-05 4.90963e-06 0.999959
1.16768e-44 1.94264e-44 1.15888e-44 6.20812e-05 4.90983e-06 0.999933
1.32093e-44 1.99376e-44 1.30676e-44 0.000178911 4.91122e-06 0.999816
1.648e-44 2.10785e-44 1.62248e-44 0.000547198 4.91912e-06 0.999448
2.28685e-44 2.34303e-44 2.2393e-44 0.00161742 4.96251e-06 0.998377
3.5039e-44 2.81996e-44 3.41467e-44 0.00452749 5.19594e-06 0.995468
5.80173e-44 3.79624e-44 5.63455e-44 0.0119099 6.43074e-06 0.988084
1.01231e-43 5.86492e-44 9.81168e-44 0.0292869 1.28687e-05 0.9707
1.82455e-43 1.05422e-43 1.7672e-43 0.0668997 4.58451e-05 0.933053
3.36223e-43 2.21296e-43 3.25895e-43 0.140379 0.000210061 0.859411
6.36916e-43 5.38641e-43 6.19142e-43 0.264929 0.000992768 0.734081
1.2869e-42 1.49401e-42 1.25917e-42 0.435542 0.00455295 0.559908
3.00671e-42 4.64381e-42 2.97391e-42 0.603495 0.0213778 0.375127
8.32236e-42 1.51609e-41 8.32066e-42 0.651102 0.133478 0.215417
9.68459e-42 1.8422e-41 9.69639e-42 0.104951 0.877894 0.0171538
5.14411e-42 9.43954e-42 5.1183e-42 0.0174461 0.981106 0.00144273
4.08873e-42 7.28948e-42 4.05524e-42 0.00664921 0.992923 0.00041915
5.14411e-42 9.43954e-42 5.1183e-42 0.0174461 0.981106 0.00144273
9.68459e-42 1.8422e-41 9.69639e-42 0.104951 0.877894 0.0171538
8.32236e-42 1.51609e-41 8.32066e-42 0.651102 0.133478 0.215417
3.00671e-42 4.64381e-42 2.97391e-42 0.603495 0.0213778 0.375127
1.28691e-42 1.49401e-42 1.25917e-42 0.435542 0.00455295 0.559908
6.36918e-43 5.38641e-43 6.19145e-43 0.264929 0.000992768 0.734081
3.36228e-43 2.21297e-43 3.25901e-43 0.140379 0.000210061 0.859411
1.82466e-43 1.05424e-43 1.7673e-43 0.0668997 4.58451e-05 0.933053
1.01254e-43 5.86533e-44 9.81384e-44 0.029287 1.28687e-05 0.9707
5.80633e-44 3.79713e-44 5.63896e-44 0.0119099 6.43073e-06 0.988084
3.51318e-44 2.8219e-44 3.42358e-44 0.00452774 5.19594e-06 0.995467
2.3054e-44 2.34725e-44 2.25713e-44 0.0016184 4.96251e-06 0.998376
1.68472e-44 2.11698e-44 1.65781e-44 0.000550952 4.91912e-06 0.999444
1.39292e-44 2.01325e-44 1.3761e-44 0.000192579 4.91126e-06 0.999803
1.30763e-44 1.98366e-44 1.29378e-44 0.000109537 4.91011e-06 0.999886
1.11972e-44 1.928e-44 1.11268e-44 3.71139e-05 4.90963e-06 0.999958
1.16295e-44 1.94238e-44 1.15442e-44 6.41269e-05 4.90983e-06 0.999931
1.31072e-44 1.99295e-44 1.29713e-44 0.000185239 4.91121e-06 0.99981
1.62444e-44 2.10554e-44 1.60021e-44 0.000566931 4.91911e-06 0.999428
2.23299e-44 2.33691e-44 2.1883e-44 0.0016757 4.96271e-06 0.998319
3.38327e-44 2.80451e-44 3.3003e-44 0.00468915 5.19784e-06 0.995305
5.53713e-44 3.75797e-44 5.38337e-44 0.012329 6.44423e-06 0.987665
9.55391e-44 5.76933e-44 9.2707e-44 0.0302972 1.2952e-05 0.96969
1.70425e-43 1.02939e-43 1.65269e-43 0.0691393 4.63082e-05 0.930814
3.11135e-43 2.14413e-43 3.0196e-43 0.144839 0.000212341 0.854947
5.84662e-43 5.1823e-43 5.69079e-43 0.272535 0.00100198 0.726463
1.17468e-42 1.43091e-42 1.15085e-42 0.445912 0.00457769 0.549513
2.74212e-42 4.44874e-42 2.71563e-42 0.614273 0.0213611 0.364368
7.63547e-42 1.46264e-41 7.64316e-42 0.660064 0.132426 0.20751
9.13996e-42 1.83342e-41 9.16444e-42 0.107868 0.875391 0.0167417
4.88948e-42 9.49916e-42 4.87362e-42 0.0179695 0.980614 0.00141397
3.89353e-42 7.36617e-42 3.86905e-42 0.00686004 0.992724 0.000411356
4.88948e-42 9.49916e-42 4.87362e-42 0.0179695 0.980614 0.00141397
9.13996e-42 1.83342e-41 9.16444e-42 0.107868 0.875391 0.0167417
7.63547e-42 1.46264e-41 7.64316e-42 0.660064 0.132426 0.20751
2.74212e-42 4.44875e-42 2.71563e-42 0.614273 0.0213611 0.364368
1.17468e-42 1.43091e-42 1.15085e-42 0.445912 0.00457769 0.549513
5.84664e-43 5.18231e-43 5.69082e-43 0.272535 0.00100198 0.726463
3.11141e-43 2.14414e-43 3.01965e-43 0.144839 0.000212341 0.854947
1.70436e-43 1.02941e-43 1.6528e-43 0.0691393 4.63082e-05 0.930814
9.55617e-44 5.76974e-44 9.27287e-44 0.0302972 1.2952e-05 0.96969
5.54171e-44 3.75886e-44 5.38777e-44 0.0123291 6.44423e-06 0.987665
3.39249e-44 2.80645e-44 3.30915e-44 0.00468941 5.19784e-06 0.995305
2.25134e-44 2.34113e-44 2.20594e-44 0.00167672 4.9627e-06 0.998318
1.66061e-44 2.11465e-44 1.63502e-44 0.000570823 4.91912e-06 0.999424
1.38129e-44 2.01236e-44 1.36514e-44 0.000199412 4.91125e-06 0.999796
1.29939e-44 1.98315e-44 1.28602e-44 0.000113332 4.9101e-06 0.999882
1.11688e-44 1.92781e-44 1.11001e-44 3.78794e-05 4.90963e-06 0.999957
1.15898e-44 1.94206e-44 1.15068e-44 6.5569e-05 4.90982e-06 0.999929
1.30261e-44 1.99215e-44 1.28947e-44 0.000189704 4.9112e-06 0.999806
1.6065e-44 2.10351e-44 1.58323e-44 0.000580861 4.91909e-06 0.999414
2.19342e-44 2.33199e-44 2.15082e-44 0.00171685 4.96275e-06 0.998278
3.29758e-44 2.79289e-44 3.21906e-44 0.00480329 5.19872e-06 0.995191
5.35516e-44 3.7308e-44 5.21071e-44 0.0126248 6.45148e-06 0.987369
9.17492e-44 5.70501e-44 8.91075e-44 0.0310095 1.29996e-05 0.968978
1.6267e-43 1.01352e-43 1.57894e-43 0.0707159 4.65807e-05 0.929238
2.95473e-43 2.10242e-43 2.87033e-43 0.147968 0.000213686 0.851817
5.53044e-43 5.06548e-43 5.3883e-43 0.277839 0.00100723 0.721152
1.10881e-42 1.39708e-42 1.08738e-42 0.453069 0.0045896 0.542341
2.59148e-42 4.35295e-42 2.56889e-42 0.62162 0.0213269 0.357054
7.25757e-42 1.44051e-41 7.27146e-42 0.666171 0.131604 0.202224
8.87285e-42 1.84785e-41 8.90618e-42 0.109892 0.873645 0.016465
4.77191e-42 9.652e-42 4.76265e-42 0.0183257 0.980282 0.00139429
3.80525e-42 7.50751e-42 3.78665e-42 0.00700296 0.992593 0.000405969
4.77191e-42 9.652e-42 4.76265e-42 0.0183257 0.980282 0.00139429
8.87285e-42 1.84785e-41 8.90618e-42 0.109892 0.873645 0.016465
7.25757e-42 1.44051e-41 7.27146e-42 0.666171 0.131604 0.202224
2.59148e-42 4.35295e-42 2.56889e-42 0.62162 0.0213269 0.357054
1.10881e-42 1.39708e-42 1.08738e-42 0.453069 0.0045896 0.542341
5.53047e-43 5.06548e-43 5.38832e-43 0.277839 0.00100723 0.721152
2.95478e-43 2.10243e-43 2.87039e-43 0.147968 0.000213686 0.851817
1.62681e-43 1.01354e-43 1.57905e-43 0.0707159 4.65807e-05 0.929238
9.17717e-44 5.70543e-44 8.91291e-44 0.0310095 1.29996e-05 0.968978
5.35972e-44 3.73169e-44 5.21508e-44 0.0126249 6.45147e-06 0.987369
3.30672e-44 2.79483e-44 3.22784e-44 0.00480356 5.19871e-06 0.995191
2.21158e-44 2.33621e-44 2.16828e-44 0.0017179 4.96275e-06 0.998277
1.64217e-44 2.1126e-44 1.61758e-44 0.000584851 4.91909e-06 0.999411
1.37198e-44 2.01147e-44 1.35635e-44 0.000204232 4.91124e-06 0.999791
1.2926e-44 1.98255e-44 1.27961e-44 0.000116007 4.91009e-06 0.999879
1.11465e-44 1.92761e-44 1.1079e-44 3.84018e-05 4.90963e-06 0.999957
1.15594e-44 1.94176e-44 1.14781e-44 6.6554e-05 4.90982e-06 0.999928
1.29665e-44 1.99148e-44 1.28384e-44 0.000192757 4.91119e-06 0.999802
1.59378e-44 2.10195e-44 1.57119e-44 0.000590393 4.91906e-06 0.999405
2.16626e-44 2.32841e-44 2.12509e-44 0.00174503 4.96273e-06 0.99825
3.24053e-44 2.78487e-44 3.16499e-44 0.00488143 5.1991e-06 0.995113
5.23764e-44 3.71298e-44 5.09927e-44 0.0128273 6.45541e-06 0.987166
8.93742e-44 5.66483e-44 8.6854e-44 0.0314967 1.30272e-05 0.968491
1.57954e-43 1.00409e-43 1.53415e-43 0.0717931 4.67432e-05 0.928161
2.86222e-43 2.07885e-43 2.7823e-43 0.150102 0.00021449 0.849684
5.34878e-43 5.00318e-43 5.21478e-43 0.281441 0.00101028 0.717548
1.07193e-42 1.38037e-42 1.05191e-42 0.457895 0.00459539 0.537509
2.50947e-42 4.31141e-42 2.48918e-42 0.626531 0.0212943 0.352174
7.05977e-42 1.43412e-41 7.0776e-42 0.670252 0.131012 0.198735
8.75979e-42 1.86972e-41 8.79906e-42 0.11126 0.872459 0.0162814
4.72879e-42 9.82146e-42 4.72378e-42 0.018563 0.980057 0.00138103
3.77467e-42 7.65548e-42 3.75978e-42 0.00709783 0.992501 0.000402301
4.72879e-42 9.82146e-42 4.72378e-42 0.018563 0.980057 0.00138103
8.75979e-42 1.86972e-41 8.79906e-42 0.11126 0.872459 0.0162814
7.05977e-42 1.43412e-41 7.0776e-42 0.670252 0.131012 0.198735
2.50947e-42 4.31141e-42 2.48918e-42 0.626531 0.0212943 0.352174
1.07193e-42 1.38037e-42 1.05191e-42 0.457895 0.00459539 0.537509
5.34881e-43 5.00319e-43 5.21481e-43 0.281441 0.00101028 0.717548
2.86227e-43 2.07886e-43 2.78236e-43 0.150102 0.00021449 0.849684
1.57965e-43 1.00411e-43 1.53425e-43 0.0717931 4.67432e-05 0.928161
8.93967e-44 5.66524e-44 8.68755e-44 0.0314968 1.30272e-05 0.968491
5.24217e-44 3.71386e-44 5.10362e-44 0.0128274 6.45541e-06 0.987166
3.24961e-44 2.7868e-44 3.17371e-44 0.00488171 5.1991e-06 0.995113
2.18425e-44 2.33261e-44 2.14239e-44 0.00174609 4.96273e-06 0.998249
1.62905e-44 2.111e-44 1.60516e-44 0.000594449 4.91907e-06 0.999401
1.36509e-44 2.0107e-44 1.34984e-44 0.000207528 4.91123e-06 0.999788
1.28745e-44 1.98202e-44 1.27475e-44 0.000117835 4.91008e-06 0.999877
1.11302e-44 1.92744e-44 1.10637e-44 3.87454e-05 4.90963e-06 0.999957
1.15377e-44 1.94152e-44 1.14576e-44 6.72024e-05 4.90982e-06 0.999928
1.29256e-44 1.99098e-44 1.27997e-44 0.000194769 4.91118e-06 0.9998
1.58534e-44 2.10084e-44 1.5632e-44 0.00059668 4.91904e-06 0.999398
2.14877e-44 2.326e-44 2.10853e-44 0.00176362 4.9627e-06 0.998232
3.20484e-44 2.77973e-44 3.13119e-44 0.00493301 5.19927e-06 0.995062
5.1662e-44 3.70208e-44 5.03158e-44 0.0129609 6.45758e-06 0.987032
8.79713e-44 5.6414e-44 8.55243e-44 0.0318183 1.30434e-05 0.968168
1.55246e-43 9.98844e-44 1.50847e-43 0.0725034 4.68406e-05 0.92745
2.81055e-43 2.06644e-43 2.73323e-43 0.151507 0.000214975 0.848278
5.24987e-43 4.97254e-43 5.12049e-43 0.283807 0.00101207 0.715181
1.05233e-42 1.37298e-42 1.0331e-42 0.461051 0.00459829 0.534351
2.46711e-42 4.2972e-42 2.44815e-42 0.629726 0.0212693 0.349005
6.96284e-42 1.43469e-41 6.98308e-42 0.672905 0.130611 0.196483
8.72541e-42 1.89087e-41 8.76849e-42 0.112157 0.87168 0.0161624
4.72211e-42 9.97003e-42 4.71971e-42 0.0187174 0.97991 0.00137234
3.77194e-42 7.78222e-42 3.7593e-42 0.00715938 0.99244 0.000399881
4.72211e-42 9.97003e-42 4.71971e-42 0.0187174 0.97991 0.00137234
8.72541e-42 1.89087e-41 8.76849e-42 0.112157 0.87168 0.0161624
6.96284e-42 1.43469e-41 6.98308e-42 0.672905 0.130611 0.196483
2.46711e-42 4.2972e-42 2.44815e-42 0.629726 0.0212693 0.349005
1.05233e-42 1.37298e-42 1.0331e-42 0.461051 0.00459829 0.534351
5.2499e-43 4.97254e-43 5.12052e-43 0.283807 0.00101207 0.715181
2.81061e-43 2.06645e-43 2.73328e-43 0.151507 0.000214975 0.848278
1.55257e-43 9.98863e-44 1.50857e-43 0.0725034 4.68406e-05 0.92745
8.79937e-44 5.64181e-44 8.55458e-44 0.0318183 1.30434e-05 0.968168
5.17071e-44 3.70296e-44 5.03591e-44 0.012961 6.45758e-06 0.987032
3.21387e-44 2.78166e-44 3.13986e-44 0.00493329 5.19927e-06 0.995062
2.16663e-44 2.33019e-44 2.12571e-44 0.0017647 4.9627e-06 0.998231
1.62031e-44 2.10986e-44 1.5969e-44 0.000600779 4.91904e-06 0.999394
1.36034e-44 2.01013e-44 1.34534e-44 0.0002097 4.91122e-06 0.999785
1.28383e-44 1.9816e-44 1.27133e-44 0.000119038 4.91008e-06 0.999876
1.11195e-44 1.92732e-44 1.10535e-44 3.89583e-05 4.90962e-06 0.999956
1.15237e-44 1.94135e-44 1.14443e-44 6.76046e-05 4.90982e-06 0.999927
1.28999e-44 1.99064e-44 1.27753e-44 0.000196019 4.91118e-06 0.999799
1.58017e-44 2.10013e-44 1.55831e-44 0.000600586 4.91903e-06 0.999394
2.13834e-44 2.32451e-44 2.09865e-44 0.00177517 4.96267e-06 0.99822
3.18411e-44 2.77669e-44 3.11156e-44 0.00496509 5.19934e-06 0.99503
5.12577e-44 3.69591e-44 4.99332e-44 0.013044 6.45878e-06 0.986949
8.71984e-44 5.62874e-44 8.47928e-44 0.0320182 1.30528e-05 0.967968
1.53794e-43 9.96149e-44 1.49472e-43 0.072945 4.68977e-05 0.927008
2.78356e-43 2.06043e-43 2.70764e-43 0.15238 0.00021526 0.847404
5.19944e-43 4.9589e-43 5.07254e-43 0.285275 0.00101312 0.713712
1.04256e-42 1.37021e-42 1.02376e-42 0.463003 0.00459978 0.532398
2.4467e-42 4.29487e-42 2.42844e-42 0.631696 0.0212526 0.347052
6.9194e-42 1.43739e-41 6.94103e-42 0.674541 0.130358 0.1951
8.72483e-42 1.90741e-41 8.77025e-42 0.112714 0.871197 0.0160891
4.72931e-42 1.0081e-41 4.72845e-42 0.0188128 0.97982 0.00136695
3.77936e-42 7.87581e-42 3.76802e-42 0.0071974 0.992404 0.000398373
4.72931e-42 1.0081e-41 4.72845e-42 0.0188128 0.97982 0.00136695
8.72483e-42 1.90741e-41 8.77025e-42 0.112714 0.871197 0.0160891
6.9194e-42 1.43739e-41 6.94103e-42 0.674541 0.130358 0.1951
2.4467e-42 4.29487e-42 2.42845e-42 0.631696 0.0212526 0.347052
1.04257e-42 1.37021e-42 1.02376e-42 0.463003 0.00459978 0.532398
5.19947e-43 4.9589e-43 5.07257e-43 0.285275 0.00101312 0.713712
2.78362e-43 2.06044e-43 2.7077e-43 0.15238 0.00021526 0.847404
1.53805e-43 9.96169e-44 1.49482e-43 0.072945 4.68977e-05 0.927008
8.72206e-44 5.62915e-44 8.48141e-44 0.0320182 1.30528e-05 0.967968
5.13027e-44 3.6968e-44 4.99763e-44 0.0130441 6.45877e-06 0.986949
3.19309e-44 2.77862e-44 3.1202e-44 0.00496536 5.19934e-06 0.99503
2.15611e-44 2.3287e-44 2.11576e-44 0.00177626 4.96267e-06 0.998219
1.61495e-44 2.10913e-44 1.59182e-44 0.000604712 4.91903e-06 0.99939
1.35734e-44 2.00974e-44 1.3425e-44 0.000211048 4.91122e-06 0.999784
1.28151e-44 1.98132e-44 1.26912e-44 0.000119785 4.91008e-06 0.999875
1.11135e-44 1.92724e-44 1.10478e-44 3.90733e-05 4.90962e-06 0.999956
1.15159e-44 1.94125e-44 1.1437e-44 6.7822e-05 4.90981e-06 0.999927
1.2886e-44 1.99045e-44 1.27622e-44 0.000196694 4.91118e-06 0.999798
1.57743e-44 2.09974e-44 1.55572e-44 0.000602699 4.91902e-06 0.999392
2.13293e-44 2.32373e-44 2.09354e-44 0.00178143 4.96266e-06 0.998214
3.17358e-44 2.77513e-44 3.1016e-44 0.00498245 5.19936e-06 0.995012
5.10569e-44 3.69286e-44 4.97433e-44 0.0130891 6.45938e-06 0.986905
8.68231e-44 5.62272e-44 8.44381e-44 0.0321265 1.30576e-05 0.967861
1.53105e-43 9.94927e-44 1.48821e-43 0.0731841 4.69278e-05 0.926769
2.77106e-43 2.05786e-43 2.69582e-43 0.152853 0.00021541 0.846932
5.17657e-43 4.95365e-43 5.05085e-43 0.286068 0.00101367 0.712918
1.03823e-42 1.36941e-42 1.01962e-42 0.464058 0.00460051 0.531342
2.43795e-42 4.2961e-42 2.42004e-42 0.632758 0.0212433 0.345999
6.90242e-42 1.43975e-41 6.92475e-42 0.675423 0.13022 0.194356
8.73277e-42 1.91767e-41 8.77942e-42 0.113016 0.870935 0.0160496
4.73774e-42 1.01483e-41 4.73768e-42 0.0188644 0.979772 0.00136403
3.78703e-42 7.93221e-42 3.77635e-42 0.00721795 0.992385 0.000397554
4.73774e-42 1.01483e-41 4.73768e-42 0.0188644 0.979772 0.00136403
8.73277e-42 1.91767e-41 8.77942e-42 0.113016 0.870935 0.0160496
6.90242e-42 1.43975e-41 6.92476e-42 0.675423 0.13022 0.194356
2.43795e-42 4.2961e-42 2.42004e-42 0.632758 0.0212433 0.345999
1.03823e-42 1.36941e-42 1.01962e-42 0.464058 0.00460051 0.531342
5.1766e-43 4.95365e-43 5.05088e-43 0.286068 0.00101367 0.712918
2.77111e-43 2.05787e-43 2.69587e-43 0.152853 0.00021541 0.846932
1.53116e-43 9.94946e-44 1.48831e-43 0.0731841 4.69278e-05 0.926769
8.68453e-44 5.62313e-44 8.44594e-44 0.0321265 1.30576e-05 0.967861
5.11017e-44 3.69374e-44 4.97863e-44 0.0130891 6.45937e-06 0.986905
3.18255e-44 2.77705e-44 3.11022e-44 0.00498273 5.19936e-06 0.995012
2.15066e-44 2.32791e-44 2.11059e-44 0.00178252 4.96265e-06 0.998212
1.6121e-44 2.10873e-44 1.58913e-44 0.00060684 4.91902e-06 0.999388
1.35571e-44 2.00952e-44 1.34096e-44 0.000211777 4.91121e-06 0.999783
1.28023e-44 1.98115e-44 1.26791e-44 0.000120188 4.91008e-06 0.999875
1.11116e-44 1.92722e-44 1.1046e-44 3.91093e-05 4.90962e-06 0.999956
1.15134e-44 1.94122e-44 1.14346e-44 6.78901e-05 4.90981e-06 0.999927
1.28816e-44 1.99039e-44 1.27581e-44 0.000196906 4.91118e-06 0.999798
1.57659e-44 2.09962e-44 1.55492e-44 0.000603362 4.91902e-06 0.999392
2.13128e-44 2.32348e-44 2.09197e-44 0.00178339 4.96265e-06 0.998211
3.17041e-44 2.77465e-44 3.0986e-44 0.0049879 5.19937e-06 0.995007
5.09971e-44 3.69195e-44 4.96868e-44 0.0131032 6.45956e-06 0.986891
8.67129e-44 5.62098e-44 8.4334e-44 0.0321605 1.30591e-05 0.967827
1.52906e-43 9.94584e-44 1.48633e-43 0.0732592 4.69371e-05 0.926694
2.76749e-43 2.05717e-43 2.69245e-43 0.153001 0.000215457 0.846783
5.17014e-43 4.95235e-43 5.04476e-43 0.286317 0.00101384 0.712669
1.03703e-42 1.36928e-42 1.01848e-42 0.464388 0.00460073 0.531011
2.43559e-42 4.29689e-42 2.41777e-42 0.63309 0.0212403 0.345669
6.89816e-42 1.44063e-41 6.92072e-42 0.675699 0.130176 0.194123
8.73664e-42 1.92111e-41 8.78367e-42 0.113111 0.870852 0.0160372
4.74115e-42 1.01706e-41 4.74133e-42 0.0188806 0.979757 0.00136312
3.79005e-42 7.95086e-42 3.77957e-42 0.0072244 0.992378 0.000397296
4.74115e-42 1.01706e-41 4.74133e-42 0.0188806 0.979757 0.00136312
8.73664e-42 1.92111e-41 8.78367e-42 0.113111 0.870852 0.0160372
6.89816e-42 1.44063e-41 6.92072e-42 0.675699 0.130176 0.194123
2.43559e-42 4.29689e-42 2.41777e-42 0.63309 0.0212403 0.345669
1.03703e-42 1.36928e-42 1.01848e-42 0.464388 0.00460073 0.531011
5.17017e-43 4.95236e-43 5.04479e-43 0.286317 0.00101384 0.712669
2.76754e-43 2.05718e-43 2.6925e-43 0.153001 0.000215457 0.846783
1.52917e-43 9.94604e-44 1.48643e-43 0.0732592 4.69371e-05 0.926694
8.67351e-44 5.62139e-44 8.43553e-44 0.0321605 1.30591e-05 0.967827
5.10419e-44 3.69284e-44 4.97298e-44 0.0131033 6.45956e-06 0.98689
3.17936e-44 2.77658e-44 3.10721e-44 0.00498818 5.19937e-06 0.995007
2.14899e-44 2.32766e-44 2.10902e-44 0.00178448 4.96265e-06 0.99821
1.61122e-44 2.1086e-44 1.58829e-44 0.000607507 4.91902e-06 0.999387
1.3552e-44 2.00945e-44 1.34047e-44 0.000212005 4.91121e-06 0.999783
1.27983e-44 1.98109e-44 1.26753e-44 0.000120315 4.91008e-06 0.999875
